0 0 0 1.31583 0.514603 0.553968 1.0769 0.39108623454397606 0.421002713116436 0.8184187927011848 
0 1 0 1.51232 0.643586 0.626955 1.21649 0.4255620503597122 0.41456503914515447 0.8043866377486246 
0 2 0 1.70448 0.815441 0.680723 1.33301 0.4784104242936262 0.3993728292499765 0.7820625645358116 
0 3 0 1.92878 0.984667 0.731157 1.48863 0.510512863053329 0.3790774479204471 0.7717987536162756 
0 4 0 2.18405 1.2089 0.77882 1.64379 0.5535129690254345 0.35659440031134815 0.7526338682722465 
0 5 0 2.43077 1.42636 0.785547 1.80473 0.5867934851919351 0.32316796735190906 0.7424519802367151 
0 6 0 2.72713 1.70897 0.781737 1.97626 0.626655128285047 0.2866519014495092 0.724666590884923 
0 7 0 2.98621 1.97364 0.711446 2.1251 0.6609180198311573 0.23824379397296241 0.7116378285519104 
0 8 0 3.20198 2.19527 0.601583 2.25201 0.6855976614469796 0.18787843771666282 0.7033179470202812 
0 9 0 3.36798 2.38073 0.446883 2.34003 0.7068717747730092 0.13268576416724565 0.6947873799725651 
0 10 0 3.46979 2.51389 0.253087 2.37819 0.7245078232400232 0.07294014911565253 0.6853988281711573 
0 11 0 3.50851 2.54317 0.0288468 2.41683 0.7248575606169001 0.008221951768699533 0.6888479725011473 
0 12 0 3.46257 2.49184 -0.174736 2.39783 0.719650433059837 -0.05046425054222731 0.6925000794207771 
0 13 0 3.31709 2.34792 -0.387898 2.31082 0.707825232357277 -0.11693924494059553 0.6966407302786479 
0 14 0 3.13892 2.13982 -0.539179 2.23233 0.6817058096415327 -0.17177213818765688 0.7111777299198451 
0 15 0 2.92185 1.90819 -0.65224 2.11438 0.6530759621472697 -0.22322843404007736 0.7236442664750073 
0 16 0 2.64344 1.62202 -0.699038 1.96676 0.613601973186454 -0.26444254456314503 0.7440153739067277 
0 17 0 2.39331 1.36483 -0.717513 1.8304 0.57026879092136 -0.29979944094162475 0.7647985426041758 
0 18 0 2.12452 1.12817 -0.698497 1.65919 0.5310234782444976 -0.328778735902698 0.7809717018432398 
0 19 0 1.33516 0.478397 0.616931 1.08314 0.3583068695886636 0.46206522064771266 0.8112435962731059 
1 0 0 1.51423 0.6141 0.697476 1.19553 0.4055526571260641 0.4606143056206785 0.7895299921412203 
1 1 0 1.77141 0.767469 0.791462 1.38654 0.4332531712026013 0.44679774868607497 0.782732399613867 
1 2 0 2.04674 0.992595 0.890329 1.5528 0.4849638938018508 0.43499858311265727 0.7586698847924016 
1 3 0 2.37623 1.2581 0.985058 1.75878 0.5294521153255366 0.4145465716702508 0.7401556246659624 
1 4 0 2.71898 1.54666 1.06788 1.96476 0.5688383143678879 0.39275022250991176 0.7226092137492736 
1 5 0 3.10288 1.91643 1.10911 2.17372 0.6176294281441758 0.3574453411024597 0.7005491672252875 
1 6 0 3.49893 2.31725 1.11429 2.37302 0.6622738951622353 0.3184659310131955 0.6782130537049897 
1 7 0 3.8831 2.71929 1.05233 2.56448 0.7002884293476861 0.27100254950941255 0.6604207978161778 
1 8 0 4.23296 3.10847 0.896843 2.72967 0.7343490134563048 0.21187136188388264 0.6448608066223163 
1 9 0 4.50637 3.41563 0.67142 2.86182 0.7579559601186764 0.1489935358170767 0.6350610358226243 
1 10 0 4.69509 3.64455 0.376643 2.93587 0.7762471006945554 0.08022061344936944 0.6253064371502995 
1 11 0 4.75107 3.71521 0.0313321 2.96123 0.7819733239038784 0.006594746025632121 0.6232764408859478 
1 12 0 4.64039 3.59621 -0.310015 2.91623 0.7749801202054138 -0.06680796226179264 0.6284450229398822 
1 13 0 4.44806 3.35685 -0.598129 2.8564 0.7546773200001798 -0.13446963395277942 0.642167596660117 
1 14 0 4.14559 3.01258 -0.825918 2.72546 0.7266951145675283 -0.19922809539776 0.657435974131547 
1 15 0 3.80574 2.62878 -0.967178 2.57638 0.6907408283277364 -0.25413664622386184 0.6769721525905605 
1 16 0 3.40234 2.19527 -1.01926 2.39119 0.6452235814174949 -0.29957617404492204 0.7028074795581863 
1 17 0 3.01281 1.80636 -1.02859 2.18085 0.5995598793153235 -0.34140553171291915 0.7238591215509773 
1 18 0 2.62342 1.45503 -0.975039 1.95307 0.5546309778838311 -0.3716671367909065 0.7444747695755922 
1 19 0 1.50822 0.534884 0.74814 1.19537 0.3546458739441196 0.4960416915304134 0.7925700494622802 
2 0 0 1.77711 0.695075 0.87508 1.38174 0.39112660443078934 0.49241746431003147 0.7775208062528487 
2 1 0 2.10079 0.92437 1.01965 1.58719 0.4400106626554772 0.4853650293461031 0.7555205422721929 
2 2 0 2.48742 1.20988 1.18201 1.82381 0.48639956259899814 0.47519518215661205 0.7332135304854025 
2 3 0 2.92459 1.57151 1.33987 2.07083 0.5373436960394449 0.4581394315100578 0.708075319959379 
2 4 0 3.42836 2.02024 1.49931 2.32903 0.589273005168652 0.4373257184193025 0.6793423094424156 
2 5 0 3.99153 2.56535 1.60443 2.6033 0.642698413891415 0.4019586474359456 0.6522060463030467 
2 6 0 4.60746 3.19179 1.64703 2.88591 0.6927439413472933 0.3574702764646899 0.6263559531715956 
2 7 0 5.20003 3.86592 1.59448 3.09073 0.7434418647584725 0.30662900021730644 0.5943677248015877 
2 8 0 5.74713 4.50763 1.3816 3.28663 0.784327133717177 0.2403982509530844 0.5718732654385754 
2 9 0 6.19979 5.04254 1.05069 3.45054 0.8133404518540144 0.16947186920847318 0.5565575608206085 
2 10 0 6.47722 5.41607 0.570197 3.5065 0.8361719997159276 0.08803113063937923 0.5413587928154362 
2 11 0 6.57746 5.52687 0.0266178 3.56594 0.8402742091932143 0.004046820505179811 0.5421454482429388 
2 12 0 6.42556 5.34874 -0.522997 3.5221 0.8324161629492216 -0.08139321708924982 0.5481389948891614 
2 13 0 6.08509 4.91795 -0.993296 3.44317 0.8081967563339244 -0.16323439751918212 0.5658371527783483 
2 14 0 5.6149 4.34301 -1.32224 3.30409 0.7734794920657536 -0.23548772017311087 0.5884503731143921 
2 15 0 5.04596 3.67498 -1.5105 3.1104 0.728301453043623 -0.2993483896027713 0.6164139232177821 
2 16 0 4.42611 2.98992 -1.55666 2.86839 0.6755186834488975 -0.3516993477342406 0.6480611643181032 
2 17 0 3.83826 2.3793 -1.49972 2.6119 0.6198902627753201 -0.39072913247148444 0.6804906389874579 
2 18 0 3.29926 1.85641 -1.37338 2.35642 0.5626746603783879 -0.41626910276849965 0.7142268266217273 
2 19 0 1.74463 0.61071 0.909309 1.35791 0.35005130027570314 0.5212044960822639 0.7783369539673168 
3 0 0 2.09406 0.813035 1.09818 1.58683 0.3882577385557243 0.5244262342053236 0.7577767590231417 
3 1 0 2.49258 1.08528 1.3144 1.81865 0.43540427990275143 0.5273251008994697 0.7296255285687923 
3 2 0 3.01462 1.46689 1.57515 2.1107 0.48659200827965055 0.5225036654702749 0.7001545800134014 
3 3 0 3.61535 1.96461 1.8386 2.41466 0.5434079687997013 0.5085538053023912 0.6678910755528511 
3 4 0 4.36914 2.66147 2.1203 2.74049 0.6091519154799343 0.4852900113065729 0.6272378545892326 
3 5 0 5.198 3.46657 2.35757 3.07311 0.6669045786841092 0.45355328972681797 0.5912100808003077 
3 6 0 6.13402 4.4558 2.51622 3.38241 0.7264078043436442 0.4102073354830927 0.5514181564455285 
3 7 0 7.1179 5.58925 2.49445 3.63353 0.7852386237513873 0.35044746343724975 0.5104778094662752 
3 8 0 8.03651 6.71502 2.23132 3.80989 0.8355641939100431 0.2776478844672626 0.4740727007121251 
3 9 0 8.81822 7.6976 1.69695 3.95326 0.8729199316868937 0.19243679563449312 0.44830589393324277 
3 10 0 9.3377 8.38046 0.91385 4.01566 0.897486533086306 0.09786671235957463 0.43004808464611194 
3 11 0 9.4654 8.56449 -0.0222539 4.03025 0.9048207154478415 -0.002351078665455237 0.4257876053838189 
3 12 0 9.22077 8.24619 -0.95305 4.01431 0.8943060069820634 -0.10335904702101885 0.4353551818340551 
3 13 0 8.65173 7.49684 -1.70622 3.96719 0.8665134025218076 -0.1972114247670697 0.4585429734862276 
3 14 0 7.80085 6.40594 -2.20574 3.86678 0.8211848708794555 -0.28275636629341677 0.495687008467026 
3 15 0 6.87114 5.26321 -2.41461 3.69877 0.7659878855619301 -0.3514133025960758 0.5383051429602658 
3 16 0 5.8754 4.13649 -2.39231 3.41858 0.704035469925452 -0.40717397964393914 0.5818463423766892 
3 17 0 4.97477 3.18292 -2.2207 3.11221 0.6398124938439365 -0.4463924965375283 0.6255987714004868 
3 18 0 4.15033 2.38273 -1.95184 2.78176 0.5741061554141478 -0.47028549537024766 0.6702503174446368 
3 19 0 1.99735 0.657352 1.11537 1.52094 0.3291120734973841 0.558424913009738 0.7614789596214985 
4 0 0 2.42708 0.913655 1.37499 1.77915 0.37644206206635134 0.5665202630321209 0.7330413500997083 
4 1 0 2.97087 1.27409 1.6968 2.07934 0.42886090606455346 0.5711458259701704 0.6999094541329645 
4 2 0 3.67059 1.77959 2.10402 2.42473 0.48482396562950375 0.5732103013412012 0.6605831760016782 
4 3 0 4.51191 2.46519 2.54445 2.79392 0.5463739303310572 0.5639407700951481 0.6192322098623421 
4 4 0 5.60589 3.45267 3.06055 3.18404 0.6159004190235627 0.5459525606103581 0.5679811769406821 
4 5 0 6.87331 4.70903 3.53923 3.54137 0.6851182327001111 0.5149236685090589 0.5152350177716414 
4 6 0 8.38951 6.35618 3.91535 3.82791 0.7576342360876858 0.46669590953464507 0.4562733699584362 
4 7 0 10.0112 8.26415 4.02007 3.97076 0.8254904506952214 0.4015572558734217 0.3966317724148953 
4 8 0 11.6271 10.2756 3.71181 3.97781 0.8837629331475605 0.3192378151043682 0.3421154028089549 
4 9 0 12.9998 12.0762 2.86748 3.86508 0.9289527531192787 0.22057877813504823 0.29731842028338895 
4 10 0 13.9346 13.3358 1.51365 3.74711 0.9570278300058848 0.1086252924375296 0.2689068936316794 
4 11 0 14.1922 13.706 -0.120164 3.68111 0.9657417454658193 -0.008466904355913813 0.2593755724975691 
4 12 0 13.7675 13.1187 -1.75507 3.78986 0.9528745233339386 -0.12747920828037043 0.2752758307608498 
4 13 0 12.6842 11.6547 -3.03123 3.98339 0.9188360322290724 -0.2389768373251762 0.3140434556377225 
4 14 0 11.1855 9.68412 -3.76204 4.14504 0.8657744401233741 -0.3363318582092888 0.37057261633364624 
4 15 0 9.56322 7.6558 -3.96391 4.13899 0.800546259523466 -0.4144953268878056 0.4328029680379621 
4 16 0 7.94316 5.76724 -3.75908 3.96258 0.7260636824639061 -0.4732474229399886 0.49886694967745837 
4 17 0 6.50906 4.24345 -3.3291 3.64392 0.6519297717335529 -0.5114563393178124 0.5598227701081262 
4 18 0 5.27229 3.04972 -2.79871 3.26549 0.5784431433020566 -0.5308338501865413 0.6193684338304607 
4 19 0 2.28513 0.716889 1.3606 1.69017 0.3137191319531055 0.5954147028834246 0.7396384450775229 
5 0 0 2.81752 1.01802 1.72894 1.97809 0.3613177546210852 0.6136389448877027 0.7020677759164087 
5 1 0 3.53842 1.46364 2.19059 2.36209 0.4136422471046399 0.6190870501523278 0.6675550104283833 
5 2 0 4.46603 2.11977 2.80137 2.75759 0.47464302747630444 0.627261796270961 0.6174589064560695 
5 3 0 5.67824 3.07579 3.54226 3.19911 0.5416801685029164 0.6238306235735017 0.5633981656287864 
5 4 0 7.26543 4.49062 4.44815 3.58258 0.6180804164378433 0.612234926219095 0.4930995137245834 
5 5 0 9.26044 6.45827 5.40152 3.85617 0.6974042270129713 0.5832897788873963 0.4164132589812148 
5 6 0 11.6914 9.08894 6.25615 3.8654 0.7774039037241048 0.5351070017277657 0.33061908753442704 
5 7 0 14.4997 12.3889 6.67983 3.48394 0.8544245743015372 0.4606874624992241 0.2402766953799044 
5 8 0 17.3524 15.9309 6.34278 2.66142 0.918080496069708 0.3655275350960098 0.1533747493142159 
5 9 0 19.884 19.1958 4.94366 1.5668 0.9653892576946288 0.24862502514584592 0.07879702273184469 
5 10 0 21.5704 21.4075 2.56211 0.660874 0.9924479842747469 0.11877897489151802 0.03063800393131328 
5 11 0 22.0763 22.0692 -0.419613 0.366585 0.999678388135693 -0.019007397072879063 0.016605364123517076 
5 12 0 21.2396 20.959 -3.32379 0.890227 0.9867888284148477 -0.15649023522100228 0.04191354827774534 
5 13 0 19.267 18.3483 -5.52292 2.01339 0.9523174339544298 -0.28665178803134894 0.1044994031245134 
5 14 0 16.5302 14.8075 -6.61897 3.18986 0.8957846850007863 -0.4004168128637282 0.1929716518856396 
5 15 0 13.6288 11.2165 -6.65518 3.95531 0.8229998239023245 -0.4883173867104954 0.2902170403850669 
5 16 0 10.9233 8.08428 -5.98941 4.2533 0.7400950262283376 -0.5483150696218176 0.38937866761875994 
5 17 0 8.62075 5.64102 -5.05415 4.11725 0.6543537395238234 -0.5862772960589276 0.47759765681640237 
5 18 0 6.74809 3.87539 -4.06207 3.74402 0.5742943558844058 -0.6019584801032588 0.5548266250153747 
5 19 0 2.58912 0.749299 1.63773 1.8601 0.2894029631689532 0.6325431034482759 0.7184294277592387 
6 0 0 3.2582 1.10147 2.12834 2.20744 0.33806089251734084 0.653225707445829 0.6775029157203364 
6 1 0 4.18388 1.63469 2.80129 2.64298 0.3907114926814344 0.6695435815558762 0.6317054982456476 
6 2 0 5.41307 2.43013 3.71377 3.09899 0.448937479101508 0.686074630477714 0.5725013716800263 
6 3 0 7.10522 3.7243 4.90621 3.54159 0.5241639245512454 0.6905078238253002 0.4984490276163159 
6 4 0 9.43402 5.71165 6.45608 3.83364 0.605431194761088 0.684340291837414 0.4063633530562793 
6 5 0 12.5208 8.65514 8.2548 3.7036 0.6912609417928567 0.6592869465209891 0.2957957957957958 
6 6 0 16.5199 12.8366 10.0201 2.77972 0.7770386019285832 0.6065472551286629 0.16826494107107187 
6 7 0 21.2402 18.1186 11.0674 0.611061 0.8530333989322134 0.5210591237370645 0.02876907938719974 
6 8 0 26.1793 23.7596 10.6039 -2.89688 0.9075720130026395 0.40504902728491593 -0.11065536511671434 
6 9 0 30.3889 28.4603 8.08981 -6.93176 0.9365360378296023 0.2662093725011435 -0.2281017081895034 
6 10 0 33.0146 31.1826 3.92178 -10.1107 0.9445093988720141 0.11878926293215729 -0.3062493563453744 
6 11 0 33.7261 31.8414 -1.02677 -11.069 0.9441174639226 -0.030444373941843256 -0.3282027865658941 
6 12 0 32.4139 30.4872 -5.84324 -9.32966 0.9405594513464903 -0.18026957570671842 -0.28782898694695797 
6 13 0 29.1928 27.0127 -9.60062 -5.51006 0.9253206270039188 -0.32886944726096845 -0.18874722534323535 
6 14 0 24.5866 21.7727 -11.363 -1.15494 0.8855514792610609 -0.4621623160583407 -0.04697436815175746 
6 15 0 19.6494 16.0901 -11.0799 2.10747 0.8188596089448024 -0.5638798131240649 0.10725365660020154 
6 16 0 15.1446 11.1281 -9.54057 3.8082 0.7347899581368936 -0.6299651360881107 0.25145596450219876 
6 17 0 11.4455 7.3568 -7.6183 4.34022 0.6427679000480538 -0.6656153073260234 0.3792075488183129 
6 18 0 8.62399 4.78982 -5.82069 4.18933 0.5554064881800652 -0.6749416453404979 0.485776305399241 
6 19 0 2.89715 0.741414 1.94739 2.01282 0.2559114992320039 0.6721743782682982 0.6947586421138016 
7 0 0 3.73506 1.1184 2.61519 2.42087 0.2994329408362918 0.7001734911888966 0.6481475531852232 
7 1 0 4.8988 1.72607 3.54244 2.91033 0.3523454723605781 0.7231240303747857 0.5940903894831387 
7 2 0 6.53919 2.73588 4.88316 3.38095 0.4183820931950287 0.7467530382203301 0.5170288674897044 
7 3 0 8.88721 4.35373 6.76722 3.77258 0.4898871524359163 0.7614560700152242 0.42449542657369416 
7 4 0 12.2886 7.0521 9.37145 3.66778 0.573873346028026 0.7626133164070764 0.29847012678417395 
7 5 0 17.0157 11.2203 12.5484 2.48546 0.6594086637634655 0.7374601103686597 0.1460686307351446 
7 6 0 23.4033 17.2902 15.7394 -1.01886 0.7387932471061772 0.6725290877782193 -0.043534886105805595 
7 7 0 30.8358 24.3348 17.2429 -7.83237 0.7891736228669275 0.5591844544328345 -0.2540024906115619 
7 8 0 37.6577 29.7917 15.208 -17.2995 0.7911184166850339 0.40384834973989386 -0.4593881198267552 
7 9 0 41.9608 31.5243 9.97674 -25.834 0.7512797658767231 0.23776334102305008 -0.6156698633009857 
7 10 0 43.6493 30.7494 3.94664 -30.7272 0.7044649055082213 0.09041702845177357 -0.7039563062866988 
7 11 0 43.9172 30.1512 -1.71192 -31.8857 0.68654650114306 -0.03898062718023918 -0.7260412776770833 
7 12 0 43.1448 30.6885 -7.38865 -29.4125 0.7112908160427214 -0.17125238730971057 -0.6817159889488421 
7 13 0 40.6115 30.8334 -13.307 -22.8368 0.7592282974034449 -0.327665808945742 -0.562323479802519 
7 14 0 35.2984 27.8603 -17.3508 -12.9896 0.7892794007660403 -0.4915463590417696 -0.36799401672597054 
7 15 0 28.1576 21.6045 -17.6091 -4.00247 0.7672706480665967 -0.6253764525385687 -0.14214528226837514 
7 16 0 21.04 14.7072 -14.9638 1.5694 0.6990114068441065 -0.7112072243346008 0.07459125475285171 
7 17 0 15.2462 9.30663 -11.4312 3.89362 0.6104229250567355 -0.74977371410581 0.2553829806771523 
7 18 0 11.0025 5.72525 -8.29002 4.42175 0.5203590093160646 -0.7534669393319701 0.40188593501476944 
7 19 0 3.20924 0.685702 2.25113 2.18208 0.21366491755057274 0.7014526803853872 0.6799366828283332 
8 0 0 4.21768 1.07931 3.11082 2.63566 0.25590134860871383 0.7375666243053053 0.6249075321029571 
8 1 0 5.64796 1.72482 4.36263 3.14514 0.30538814014263554 0.772425796216687 0.5568630089448225 
8 2 0 7.734 2.84014 6.23637 3.58554 0.3672278251874838 0.8063576415826221 0.46360744763382467 
8 3 0 10.8814 4.7643 9.02923 3.76556 0.4378388810263386 0.8297856893414451 0.3460547356038745 
8 4 0 15.6562 8.09218 13.0963 2.84947 0.5168674390976099 0.8364928909952606 0.1820026570943141 
8 5 0 22.6169 13.4419 18.1798 -0.579152 0.594329903744545 0.8038148464201548 -0.025607046058478394 
8 6 0 31.7653 20.4875 22.4697 -9.18741 0.6449647886215462 0.7073662140763664 -0.2892278681454291 
8 7 0 40.5464 25.5364 21.5962 -22.9238 0.6298068385849299 0.532629283980822 -0.5653720182309651 
8 8 0 45.0345 24.168 14.3376 -35.1917 0.5366552309895746 0.31836925024148155 -0.7814386747937692 
8 9 0 45.2553 18.642 6.33118 -40.7484 0.41192965243849894 0.13989919412753865 -0.900411664490126 
8 10 0 43.9359 13.6397 1.24051 -41.7467 0.310445444386026 0.028234541684590508 -0.9501728654699232 
8 11 0 43.2757 11.9658 -1.53491 -41.5602 0.2765015932728991 -0.03546817266965063 -0.9603588156864014 
8 12 0 43.9824 14.5601 -4.69761 -41.2358 0.33104378114882316 -0.10680658627087199 -0.9375522936447306 
8 13 0 45.0167 20.0692 -10.7104 -38.846 0.4458167746636248 -0.23792059391292564 -0.8629242036844104 
8 14 0 43.6978 24.9766 -18.9311 -30.4513 0.5715756857324625 -0.4332277597499188 -0.69686116921218 
8 15 0 37.674 24.087 -23.8851 -16.3904 0.6393534002229655 -0.6339942666029623 -0.43505866114561764 
8 16 0 28.4331 17.6521 -21.9442 -3.91121 0.6208292447886442 -0.771783590252206 -0.13755833869680056 
8 17 0 19.9279 10.9352 -16.4996 2.30353 0.5487382012153814 -0.8279648131514108 0.11559321353479292 
8 18 0 13.8108 6.4213 -11.4446 4.30418 0.46494772207258084 -0.8286703159845917 0.31165319894575255 
8 19 0 3.50146 0.565686 2.56007 2.32084 0.16155717900532923 0.7311435801065842 0.6628206519566124 
9 0 0 4.67752 0.941836 3.61639 2.81316 0.2013537088029554 0.7731426054832474 0.6014212659700011 
9 1 0 6.38958 1.58287 5.22323 3.32252 0.2477267676435697 0.8174606155647164 0.5199903593037414 
9 2 0 9.00644 2.70288 7.75399 3.69945 0.3001052580153757 0.8609383951927732 0.4107560812041162 
9 3 0 13.0892 4.75976 11.6829 3.49046 0.3636402530330349 0.8925602787030529 0.26666717599242123 
9 4 0 19.5128 8.41404 17.568 1.14855 0.43120618260833915 0.9003320897052193 0.058861362797753274 
9 5 0 28.9178 14.1046 24.483 -6.15473 0.4877480306247363 0.8466411691069169 -0.21283534708726112 
9 6 0 39.6382 19.4647 27.0216 -21.4975 0.4910591298293061 0.681706031050855 -0.5423429923659501 
9 7 0 45.2774 18.0494 18.9455 -36.9504 0.3986403812939789 0.41843171206827245 -0.8160892630760601 
9 8 0 44.156 10.2974 6.83183 -42.3915 0.23320500045293957 0.15472030981067125 -0.9600394057432738 
9 9 0 40.1562 1.40628 -0.995356 -40.1192 0.03502024593960584 -0.024787106349704408 -0.999078598074519 
9 10 0 36.5235 -5.26257 -2.70469 -36.0411 -0.14408723150848085 -0.07405341766260079 -0.9867920653825619 
9 11 0 35.194 -7.16312 -0.533019 -34.4532 -0.20353242029891458 -0.015145166789793715 -0.9789509575495823 
9 12 0 37.0444 -3.5227 0.823049 -36.8673 -0.09509399531373162 0.02221790608027124 -0.9952192504130178 
9 13 0 41.0005 4.14259 -2.79183 -40.695 0.10103754832258142 -0.0680925842367776 -0.9925488713552273 
9 14 0 44.7234 13.1182 -12.5936 -40.8595 0.29331848651936127 -0.28158860909501515 -0.9136045112849202 
9 15 0 44.1466 19.2834 -24.6198 -31.1598 0.43680374026538854 -0.5576828113603313 -0.7058255901926762 
9 16 0 36.1566 17.7317 -28.5319 -13.3723 0.49041392166298825 -0.7891201053196374 -0.3698439565667126 
9 17 0 25.2697 11.4461 -22.508 -0.966388 0.45295749454880746 -0.8907110096281317 -0.038242955001444416 
9 18 0 16.9316 6.47887 -15.2134 3.64099 0.3826496019277564 -0.8985211084599212 0.21504110656996386 
9 19 0 3.749 0.418709 2.81553 2.43976 0.1116855161376367 0.751008268871699 0.6507762069885303 
10 0 0 5.03987 0.713058 4.04337 2.92285 0.14148341127846553 0.8022766460245999 0.5799455144676351 
10 1 0 7.03485 1.23673 6.00701 3.44608 0.1758004790436186 0.8538931178347797 0.48985834808133794 
10 2 0 10.1482 2.21421 9.1756 3.72721 0.21818746181588855 0.9041603437062731 0.3672779409156304 
10 3 0 15.1305 4.06832 14.2654 2.97979 0.2688820594164106 0.9428240970225703 0.19693929480189024 
10 4 0 23.145 7.43154 21.8868 -1.19798 0.32108619572261826 0.9456383668178873 -0.051759775329444806 
10 5 0 34.4708 12.205 29.4428 -13.1299 0.3540677907098182 0.8541374148554719 -0.3808991958411177 
10 6 0 43.9995 13.9932 26.484 -32.2295 0.31803088671462176 0.6019159308628508 -0.7324969601927296 
10 7 0 44.5277 8.67319 11.5684 -42.1149 0.19478189980618804 0.25980232529414277 -0.9458135048520359 
10 8 0 39.0997 -0.355653 -2.46114 -39.0205 -0.009096054445430529 -0.06294523998905362 -0.9979744090108108 
10 9 0 32.1724 -10.0551 -9.27245 -29.1201 -0.3125380761149308 -0.28821132399199306 -0.9051267546095411 
10 10 0 26.4124 -17.01 -6.81901 -19.0205 -0.6440156896003393 -0.25817456952037676 -0.7201352395087155 
10 11 0 24.5906 -18.5047 1.11745 -16.1562 -0.7525111221361008 0.045442160825681366 -0.6570071490732231 
10 12 0 27.7553 -14.5923 7.59593 -22.3545 -0.5257482354721441 0.27367493775963514 -0.8054137407990547 
10 13 0 34.2501 -6.19246 6.52164 -33.0483 -0.18080122393803227 0.19041229076703423 -0.9649110513545944 
10 14 0 41.2892 3.28776 -3.53003 -41.0065 0.07962760237543957 -0.08549523846429574 -0.9931531732268971 
10 15 0 45.5014 11.1547 -19.3976 -39.6192 0.24515069865982148 -0.42630776195897274 -0.8707248568175925 
10 16 0 41.7077 13.9086 -31.4383 -23.616 0.3334779908745867 -0.7537768805280559 -0.5662263802607193 
10 17 0 30.2033 9.94203 -28.0005 -5.41916 0.3291703224482093 -0.9270675720864938 -0.17942277830568182 
10 18 0 19.8725 5.54825 -18.9097 2.56045 0.2791923512391496 -0.9515511385079886 0.12884387973329978 
10 19 0 3.92516 0.190482 3.01474 2.50639 0.04852846762934505 0.7680553149425756 0.6385446707904902 
11 0 0 5.3259 0.374661 4.36577 3.02735 0.07034698360840422 0.8197243658348825 0.5684203608779738 
11 1 0 7.50475 0.709065 6.58526 3.52885 0.0944821612978447 0.8774789300109931 0.47021553016422935 
11 2 0 10.9711 1.36608 10.252 3.66022 0.12451622900164978 0.9344550683158481 0.3336237934208967 
11 3 0 16.6897 2.62445 16.3065 2.39937 0.15724968094093963 0.9770397310916314 0.14376351881699492 
11 4 0 25.9559 4.97816 25.2283 -3.53014 0.19179300274696698 0.9719678377555778 -0.13600530129951185 
11 5 0 38.2292 7.94684 32.0629 -19.2429 0.2078735626170571 0.8387018300147531 -0.5033560733680014 
11 6 0 45.2832 7.73466 23.2592 -38.0757 0.1708063917744329 0.5136386121122182 -0.8408350116599533 
11 7 0 42.0557 2.98803 4.48378 -41.7091 0.07104934646195403 0.1066152745050017 -0.9917585487817346 
11 8 0 33.8286 -3.99941 -10.8917 -31.7766 -0.11822570251207558 -0.3219672111763419 -0.9393412674482537 
11 9 0 24.2308 -11.2582 -16.2784 -13.9785 -0.4646235369859848 -0.6718061310398337 -0.5768897436320717 
11 10 0 17.3078 -14.7163 -9.10632 -0.257006 -0.8502698205433389 -0.5261396595754515 -0.014849143160886999 
11 11 0 15.5521 -15.1481 2.32395 2.64595 -0.974022800779316 0.14942998051710057 0.17013457989596262 
11 12 0 19.2225 -13.5229 12.6817 -5.08021 -0.7034933021199116 0.6597320847964624 -0.2642845623618156 
11 13 0 27.9852 -8.21749 15.155 -22.0447 -0.29363699383960096 0.5415362405843088 -0.7877270843159956 
11 14 0 37.6655 -0.765783 4.56163 -37.3804 -0.020331151849836054 0.12110897240180005 -0.9924307390051904 
11 15 0 44.6632 5.07903 -13.4143 -42.2974 0.1137184527754393 -0.3003434594923785 -0.9470302172705941 
11 16 0 44.553 8.07085 -31.0558 -30.909 0.18115166206540526 -0.6970529481740849 -0.6937579960945391 
11 17 0 33.8615 6.32852 -31.8218 -9.69174 0.18689426044327628 -0.9397634481638439 -0.2862170902056908 
11 18 0 22.2091 3.45289 -21.8944 1.40013 0.1554718561310454 -0.9858301326933555 0.06304307693693126 
11 19 0 3.9908 -0.0466565 3.08907 2.52626 -0.01169101433296582 0.7740478099629147 0.6330209481808159 
12 0 0 5.45876 -0.014844 4.52848 3.04807 -0.0027192988883922354 0.8295803442540064 0.5583813906454946 
12 1 0 7.73277 0.0481242 6.86594 3.557 0.00622341023979764 0.8879017480152649 0.45999040447342926 
12 2 0 11.4005 0.228368 10.8075 3.62191 0.02003140213148546 0.9479847375115127 0.3176974694092365 
12 3 0 17.4929 0.59343 17.3663 2.01536 0.033924049185669616 0.9927627780413768 0.11521017098365623 
12 4 0 27.3875 1.40516 26.9029 -4.93299 0.05130661798265632 0.9823057964399817 -0.18011830214513921 
12 5 0 39.8929 2.57073 32.8701 -22.4586 0.06444079021580282 0.8239586492834565 -0.5629723584898566 
12 6 0 45.3949 2.70567 20.9154 -40.1986 0.059602950992292084 0.46074338747304217 -0.8855311940328099 
12 7 0 40.5818 1.3168 0.560928 -40.5565 0.03244804321148889 0.013822156730356958 -0.9993765678210429 
12 8 0 30.9564 -0.999483 -15.585 -26.7284 -0.03228679691436989 -0.5034500135674691 -0.8634208112054373 
12 9 0 20.0491 -3.30426 -19.0897 -5.16037 -0.16480839538931924 -0.9521474779416533 -0.2573866158580685 
12 10 0 13.3733 -4.21654 -9.6468 8.24649 -0.31529540203240786 -0.7213477600891328 0.6166383764665415 
12 11 0 11.9046 -4.29632 2.64676 10.7822 -0.3608957881827192 0.2223308636997463 0.9057171177528014 
12 12 0 15.2355 -3.79713 14.2727 3.74037 -0.2492291030816186 0.9368054871845362 0.24550359358078172 
12 13 0 24.4927 -2.23311 19.5385 -14.5998 -0.09117451322230706 0.7977274861489342 -0.596087813920066 
12 14 0 35.7897 0.220886 9.05737 -34.624 0.006171775678477326 0.2530719732213458 -0.9674291765507953 
12 15 0 43.9789 1.7768 -10.2565 -42.7292 0.04040119238998701 -0.23321410949341617 -0.9715841005573126 
12 16 0 45.4392 2.17975 -30.1188 -33.9532 0.04797069490660046 -0.6628373738974278 -0.7472226623708165 
12 17 0 35.5812 1.29581 -33.4669 -12.0128 0.0364183894865828 -0.9405781704945309 -0.33761649410362776 
12 18 0 23.2979 0.419616 -23.2818 0.758696 0.018010893685696996 -0.9993089505921136 0.03256499512831629 
12 19 0 3.97012 -0.289503 3.04902 2.52616 -0.07292046588012453 0.7679918994891842 0.6362931095281754 
13 0 0 5.42656 -0.425659 4.47164 3.04479 -0.0784399324802453 0.8240284821323268 0.5610902671305578 
13 1 0 7.67588 -0.639796 6.78454 3.53266 -0.0833514854322892 0.883877809449861 0.460228664335555 
13 2 0 11.3023 -0.986982 10.6574 3.63158 -0.08732576555214425 0.9429408173557595 0.3213133609973191 
13 3 0 17.2923 -1.58277 17.0913 2.09895 -0.09153033431064693 0.988376329348901 0.1213806144931559 
13 4 0 27.0834 -2.51129 26.5573 -4.68131 -0.09272432560166005 0.9805748170466042 -0.17284794375890766 
13 5 0 39.6381 -3.16781 32.8553 -21.947 -0.07991831091803088 0.8288818081593214 -0.5536844601532364 
13 6 0 45.6413 -1.90508 21.578 -40.1732 -0.04174026594334517 0.47277356254094427 -0.8801940347886673 
13 7 0 41.2046 0.651571 1.40947 -41.1753 0.015813064560752925 0.03420661770773166 -0.999288914344515 
13 8 0 31.8841 3.79502 -14.5809 -28.0997 0.11902547037551632 -0.45730944263755285 -0.8813076110036037 
13 9 0 21.0568 6.55957 -18.7316 -7.03469 0.31151789445689754 -0.889574864176893 -0.3340816268378861 
13 10 0 13.9562 7.33288 -9.65105 6.91824 0.5254209598601338 -0.6915241971310241 0.4957108668548745 
13 11 0 12.5454 7.61858 2.63782 9.61172 0.6072807562931433 0.2102619286750522 0.7661549253112694 
13 12 0 16.2211 7.73123 14.0707 2.31673 0.47661564258897365 0.8674319250852285 0.142822003439964 
13 13 0 25.5531 6.3841 18.6977 -16.2049 0.2498366147355898 0.7317194391287163 -0.6341657176624362 
13 14 0 36.4362 2.82313 7.92305 -35.4521 0.07748146074508319 0.21744995361755617 -0.9729911461678221 
13 15 0 44.2808 -0.753335 -11.2063 -42.8327 -0.01701267818106267 -0.25307356687322724 -0.9672973388014671 
13 16 0 45.3135 -3.59923 -30.5726 -33.2516 -0.0794295298310658 -0.6746907654451765 -0.7338122193165393 
13 17 0 35.1714 -4.02296 -33.051 -11.3345 -0.11438157139039107 -0.9397123799450691 -0.3222646809623729 
13 18 0 23.0132 -2.73727 -22.8282 0.993583 -0.1189434759181687 -0.9919611353484087 0.043174482470929726 
13 19 0 3.84696 -0.540448 2.90189 2.46699 -0.14048703391769085 0.7543332917420508 0.6412829870859068 
14 0 0 5.22511 -0.781407 4.23069 2.9652 -0.14954843055935663 0.8096843894195529 0.5674904451772307 
14 1 0 7.33557 -1.23738 6.33411 3.48691 -0.16868218829620601 0.8634789116592166 0.4753427477346682 
14 2 0 10.6949 -2.04938 9.83815 3.65947 -0.19162217505540025 0.9198917240927919 0.342169632254626 
14 3 0 16.1922 -3.47185 15.6132 2.52189 -0.21441496523017256 0.9642420424648905 0.15574721162040983 
14 4 0 25.1166 -5.95101 24.2209 -2.96311 -0.23693533360407062 0.9643383260473154 -0.1179741684782176 
14 5 0 37.346 -8.72357 31.6087 -17.8751 -0.23358780056766457 0.8463744443849409 -0.4786349274353345 
14 6 0 45.4788 -7.94273 24.5649 -37.4406 -0.17464686843100521 0.5401395815193013 -0.8232539117127102 
14 7 0 43.3648 -2.58655 6.48319 -42.7993 -0.05964630299228867 0.14950351437110282 -0.9869594694314282 
14 8 0 35.6886 4.52243 -8.356 -34.4006 0.12671917643168967 -0.23413639089232977 -0.9639100441037193 
14 9 0 26.5182 12.2618 -14.3917 -18.5942 0.4623918667179522 -0.5427102895369972 -0.7011863550316386 
14 10 0 19.504 16.8438 -8.55189 -4.85364 0.8636074651353569 -0.43846851927809677 -0.2488535684987695 
14 11 0 18.3431 18.0799 2.37894 -1.98218 0.9856512803179397 0.1296912735579046 -0.10806134186696906 
14 12 0 22.7433 16.582 11.679 -10.2907 0.729093843021901 0.5135138700188627 -0.45247171694521016 
14 13 0 31.0767 10.5965 12.3407 -26.4798 0.3409789327695669 0.3971045831764634 -0.8520788886850921 
14 14 0 39.6545 2.18946 1.38892 -39.5697 0.055213405792533005 0.035025533041647225 -0.9978615289563605 
14 15 0 45.5815 -5.30812 -16.2766 -42.2441 -0.11645338569375734 -0.3570878536248258 -0.9267816987154878 
14 16 0 43.8989 -9.93617 -31.8346 -28.5472 -0.22634211791183836 -0.7251799020021003 -0.6502941987156854 
14 17 0 32.5675 -8.66259 -30.3888 -7.8819 -0.2659887925078682 -0.9331020188838566 -0.24201734858371074 
14 18 0 21.3267 -5.37588 -20.5432 1.97609 -0.2520727538719071 -0.963262014282566 0.09265802960608065 
14 19 0 3.64235 -0.704201 2.66073 2.38565 -0.19333699397367082 0.7304981673919311 0.6549754965887408 
15 0 0 4.90577 -1.08142 3.81598 2.88712 -0.22043838174231567 0.7778554640759758 0.5885151566420765 
15 1 0 6.77133 -1.67947 5.62417 3.37625 -0.2480266062944798 0.8305857194967606 0.49860957891581126 
15 2 0 9.71253 -2.76793 8.55315 3.67633 -0.28498547752233455 0.880630484539044 0.37851414615965157 
15 3 0 14.3679 -4.69088 13.2263 3.08155 -0.32648334133728657 0.9205451040165925 0.21447462746817558 
15 4 0 21.8446 -8.10911 20.2777 -0.494515 -0.37121805846753886 0.9282706023456597 -0.0226378601576591 
15 5 0 32.7093 -12.8904 27.9407 -11.0931 -0.3940897542900643 0.8542127162611245 -0.3391420788583064 
15 6 0 43.1085 -15.2127 27.2281 -29.7582 -0.3528932809074776 0.6316178943827784 -0.6903093357458505 
15 7 0 45.2274 -10.3315 13.9811 -41.7529 -0.22843453304855021 0.3091289793355355 -0.923177100607154 
15 8 0 40.4124 -1.56395 0.62163 -40.3773 -0.038699755520582794 0.015382159931110254 -0.9991314547020221 
15 9 0 34.3273 7.82708 -5.88238 -32.9014 0.22801327223521803 -0.17136156936315994 -0.9584616325781521 
15 10 0 30.0591 15.2759 -4.72204 -25.4539 0.5081955214893327 -0.1570918623644753 -0.8467951468939523 
15 11 0 29.535 17.3881 1.23295 -23.8422 0.5887286270526495 0.04174538682918571 -0.8072524123920771 
15 12 0 32.8833 13.4136 5.33966 -29.5445 0.40791526397898026 0.1623821210158348 -0.8984651783732168 
15 13 0 38.3958 5.05626 2.58913 -37.9733 0.1316878408575938 0.06743263586121398 -0.9889961922918653 
15 14 0 43.9786 -4.78172 -7.90999 -42.9964 -0.10872833605435371 -0.1798599773526215 -0.9776664104814614 
15 15 0 46.0851 -13.4123 -22.7866 -37.7455 -0.2910333274746068 -0.4944461441984503 -0.8190391254440156 
15 16 0 39.9849 -15.8758 -31.0776 -19.5176 -0.39704488444387753 -0.7772334056106179 -0.48812426691075883 
15 17 0 28.2645 -11.5222 -25.6023 -3.26213 -0.40765624723593197 -0.9058111765642413 -0.11541438907463425 
15 18 0 18.6621 -6.87829 -17.052 3.19236 -0.3685699894438461 -0.9137235359364702 0.1710611345990001 
15 19 0 3.37726 -0.853204 2.36675 2.25309 -0.2526320153023457 0.7007899895181301 0.6671354885321236 
16 0 0 4.47526 -1.24479 3.3195 2.73119 -0.27814920250443553 0.7417446137207672 0.6102863297327976 
16 1 0 6.08549 -1.92114 4.77476 3.24717 -0.31569191634527377 0.784613893047232 0.533592200463726 
16 2 0 8.50071 -3.10192 7.02687 3.64187 -0.3649012847162178 0.8266215410242204 0.42841950848811455 
16 3 0 12.2272 -5.13045 10.5189 3.54066 -0.4195932020413504 0.8602869013347292 0.2895724286835907 
16 4 0 17.9738 -8.68546 15.6401 1.7337 -0.48322892209772006 0.8701610121398925 0.09645706528391325 
16 5 0 26.5161 -14.2253 21.9838 -4.17821 -0.5364778379927666 0.8290736571366075 -0.15757256911838466 
16 6 0 36.857 -20.1076 25.6245 -17.2484 -0.5455571533222997 0.6952410668258404 -0.46798165884363896 
16 7 0 43.9015 -20.4578 20.4154 -33.0458 -0.4659931892987711 0.465027390863638 -0.7527259888614285 
16 8 0 44.3615 -13.6862 9.99415 -40.997 -0.3085152666163227 0.22528882026081173 -0.9241572083901581 
16 9 0 41.9277 -5.33547 2.53506 -41.5095 -0.1272540587726014 0.06046265356792765 -0.9900256870756088 
16 10 0 39.9703 0.562503 -0.23921 -39.9656 0.014073024220483708 -0.005984693635024005 -0.9998824126914234 
16 11 0 39.8194 2.07061 -0.284233 -39.7645 0.05200003013606432 -0.007138053310697801 -0.9986212750568817 
16 12 0 41.7438 -1.5187 -1.3833 -41.6932 -0.036381450658540905 -0.033137855202449225 -0.9987878439432921 
16 13 0 44.6672 -8.83849 -6.69101 -43.2697 -0.19787427911308522 -0.14979694272307198 -0.9687130601425654 
16 14 0 46.3216 -17.3705 -16.6812 -39.5689 -0.37499784117992474 -0.3601170944008843 -0.854221356775241 
16 15 0 42.7456 -21.955 -25.9538 -25.9145 -0.5136201152867195 -0.6071689249887707 -0.6062495321155861 
16 16 0 33.2034 -18.5456 -26.0567 -8.92043 -0.5585452092255612 -0.7847599944583987 -0.26866013721486354 
16 17 0 22.9646 -12.0529 -19.5296 0.835009 -0.5248469383311706 -0.8504219537897458 0.03636070299504455 
16 18 0 15.5798 -7.22498 -13.177 4.11038 -0.4637402277307796 -0.84577465692756 0.26382752025058087 
16 19 0 3.07442 -0.916062 2.03207 2.11745 -0.2979625425283468 0.660960441319013 0.6887315331021786 
17 0 0 4.01311 -1.32314 2.79016 2.56307 -0.32970439384915934 0.6952612811510275 0.6386742451614833 
17 1 0 5.32609 -1.99426 3.88487 3.04925 -0.3744322758346179 0.7294037464631653 0.5725119177482919 
17 2 0 7.22976 -3.10097 5.51514 3.49809 -0.42891741911211434 0.7628386004514672 0.4838459367945824 
17 3 0 10.0346 -4.93071 7.89787 3.7424 -0.49137085683534976 0.7870637593925021 0.3729495944033644 
17 4 0 14.1916 -7.99511 11.2864 3.17732 -0.56336917613236 0.795287353082105 0.2238873699935173 
17 5 0 20.1883 -12.8629 15.5449 0.68516 -0.6371462678878359 0.7699954924386897 0.03393846931143286 
17 6 0 28.128 -19.4729 19.49 -5.66845 -0.6922959328782707 0.6929038680318543 -0.2015233930602958 
17 7 0 36.5689 -25.3992 20.2712 -16.7702 -0.6945573971325362 0.5543289516501727 -0.4585918635780677 
17 8 0 42.636 -26.6158 15.8633 -29.288 -0.624256496857116 0.3720635144009757 -0.6869312318228726 
17 9 0 44.9869 -23.3362 8.85122 -37.4286 -0.5187332312295357 0.196751054195777 -0.8319888678704246 
17 10 0 45.3778 -19.8482 3.13989 -40.6858 -0.43739890431003703 0.069194407838194 -0.8966014218406357 
17 11 0 45.6038 -19.0255 -1.29009 -41.4255 -0.41719111126704356 -0.028289089944259032 -0.9083782491809893 
17 12 0 46.064 -21.5625 -6.33575 -40.2095 -0.4680987321986801 -0.1375423324070858 -0.872905088572421 
17 13 0 45.5064 -25.8929 -13.0306 -35.0799 -0.5689946908566708 -0.28634653587187736 -0.7708783819418807 
17 14 0 41.8726 -27.9431 -19.7242 -24.1549 -0.6673361577738187 -0.4710526692873144 -0.5768664950349394 
17 15 0 34.2016 -24.1965 -21.7572 -10.531 -0.7074669021332336 -0.6361456773952097 -0.30790957148203596 
17 16 0 25.269 -17.0886 -18.5894 -0.968856 -0.6762673631722664 -0.7356602952233964 -0.03834168348569394 
17 17 0 17.7822 -10.831 -13.6998 3.34812 -0.6090922383057215 -0.7704221075007592 0.18828491412761078 
17 18 0 12.5241 -6.67727 -9.59335 4.49823 -0.5331536797055277 -0.7659911690261175 0.35916592809064124 
17 19 0 2.77555 -0.911907 1.70879 1.988 -0.3285500171137252 0.6156581578425898 0.7162544360577183 
18 0 0 3.52273 -1.30392 2.27353 2.35383 -0.37014474569439043 0.6453886616345845 0.6681834826966585 
18 1 0 4.57215 -1.89832 3.08565 2.78921 -0.41519197751604825 0.6748794330894655 0.6100434150235666 
18 2 0 6.0462 -2.85757 4.20409 3.27361 -0.47262247361979426 0.6953276438093348 0.5414326353742848 
18 3 0 8.10153 -4.35546 5.76077 3.67127 -0.5376095626381683 0.7110718592660892 0.45315761343844924 
18 4 0 10.9954 -6.74141 7.83229 3.75602 -0.6131118467722866 0.7123242446841407 0.3415992142168543 
18 5 0 14.9545 -10.3662 10.3303 3.07648 -0.6931826540506202 0.690782038851182 0.2057226921662376 
18 6 0 20.1764 -15.5085 12.8788 0.841565 -0.7686455462817945 0.6383101048750024 0.04171036458436589 
18 7 0 26.4015 -21.7687 14.4541 -3.77373 -0.8245251216786925 0.5474726814764314 -0.14293619680699962 
18 8 0 32.7085 -27.7156 13.6486 -10.743 -0.8473516058516899 0.41727991194949327 -0.32844673402938074 
18 9 0 37.651 -31.5084 9.93889 -18.0564 -0.8368542668189424 0.2639741308331784 -0.4795729197099678 
18 10 0 40.3917 -32.9291 4.59135 -22.9366 -0.8152442209661885 0.11367063035227536 -0.567854286895575 
18 11 0 41.194 -33.3162 -1.29503 -24.1931 -0.8087634121474001 -0.031437345244453074 -0.5872966936932563 
18 12 0 40.0858 -33.1451 -7.28971 -21.334 -0.8268538983879579 -0.18185267600995866 -0.5322084129542132 
18 13 0 36.626 -31.1826 -12.236 -14.8116 -0.8513788019439743 -0.33407961557363625 -0.4044012450172009 
18 14 0 31.031 -26.4111 -14.7702 -6.87151 -0.8511198478940415 -0.4759820824336954 -0.22144017273049532 
18 15 0 24.4264 -19.7886 -14.3099 -0.539538 -0.8101316608259914 -0.5858374545573641 -0.022088314282907015 
18 16 0 18.3166 -13.5475 -11.9563 3.00149 -0.7396296255855344 -0.6527576078529858 0.16386720242839828 
18 17 0 13.4443 -8.85179 -9.1466 4.32822 -0.6584046770750429 -0.6803329291967599 0.32193717783744785 
18 18 0 9.87033 -5.69969 -6.72777 4.43556 -0.5774568834071405 -0.6816155082960752 0.44938315132320805 
18 19 0 2.44617 -0.869229 1.39586 1.81101 -0.3553428420755712 0.5706308228782138 0.7403451109285127 
19 0 0 3.06265 -1.21186 1.81234 2.15096 -0.3956900070200643 0.5917555058527746 0.7023198863729123 
19 1 0 3.86994 -1.72172 2.3688 2.53001 -0.44489578649798184 0.6121025132172591 0.6537594898112115 
19 2 0 4.971 -2.49289 3.1171 2.96311 -0.5014866224099779 0.6270569301951318 0.5960792597062965 
19 3 0 6.44382 -3.6277 4.07837 3.42483 -0.5629735157096257 0.6329118442166293 0.5314906375410859 
19 4 0 8.38884 -5.35164 5.25587 3.75612 -0.637947558899681 0.6265312009765355 0.4477520133892171 
19 5 0 10.9021 -7.77435 6.59548 3.86192 -0.7131057319232074 0.6049733537575329 0.35423633978774727 
19 6 0 14.0182 -11.1117 7.8307 3.42374 -0.7926623960280208 0.5586095219072349 0.24423535118631493 
19 7 0 17.4127 -15.0596 8.40411 2.4045 -0.8648630022914309 0.482642553997944 0.1380888661723914 
19 8 0 20.9894 -19.3797 8.03751 0.619826 -0.9233089083060974 0.38293186084404507 0.02953042964544008 
19 9 0 24.2036 -23.3276 6.28733 -1.45126 -0.9638070369697069 0.25976838156307325 -0.059960501743542276 
19 10 0 26.3401 -25.9571 3.24219 -3.08576 -0.9854594325761862 0.12308950991074445 -0.11715065622378047 
19 11 0 27.0029 -26.7673 -0.556358 -3.5155 -0.9912750112025004 -0.020603638868417838 -0.13018972036336837 
19 12 0 25.9575 -25.4943 -4.27053 -2.36535 -0.9821554464027737 -0.16452008090147358 -0.09112395261485119 
19 13 0 23.3914 -22.3369 -6.9423 -0.169248 -0.9549193293261625 -0.2967885633181426 -0.007235479706216815 
19 14 0 19.8422 -17.985 -8.11547 2.09597 -0.9064015078973098 -0.4090005140559011 0.10563193597484151 
19 15 0 16.0708 -13.4994 -7.92021 3.64807 -0.8399955198247754 -0.4928323418871494 0.2269999004405506 
19 16 0 12.6212 -9.61596 -6.93041 4.33568 -0.7618895192216271 -0.5491086426013374 0.3435235952207397 
19 17 0 9.73678 -6.64002 -5.63607 4.35313 -0.6819523497501228 -0.5788433137032982 0.44708106786843294 
19 18 0 7.50778 -4.54196 -4.41748 4.02782 -0.6049671141136261 -0.5883869799061774 0.5364861516986379 
19 19 0 1.16103 0.424762 0.496541 0.959696 0.36584928899339375 0.42767284221768603 0.8265901828548788 
