0 0 0 1.76821 -1.12976 -0.971522 -0.952031 -0.6389286340423367 -0.5494381323485332 -0.5384151203759734 
0 1 0 2.01461 -1.38088 -1.06657 -1.00711 -0.6854329125736496 -0.5294176043998591 -0.4999032070723366 
0 2 0 2.30405 -1.69684 -1.15857 -1.04264 -0.736459712245828 -0.5028406501595017 -0.45252490180334626 
0 3 0 2.62632 -2.04803 -1.22797 -1.09325 -0.779809771848061 -0.46756297785494527 -0.4162668677084285 
0 4 0 2.94257 -2.42423 -1.23801 -1.11766 -0.8238478608835135 -0.4207240609399267 -0.37982443918071623 
0 5 0 3.26739 -2.82748 -1.19281 -1.12178 -0.8653634858403803 -0.3650650825276444 -0.3433260186264878 
0 6 0 3.57316 -3.2239 -1.06929 -1.10931 -0.9022545869762338 -0.2992561206327173 -0.3104562907902249 
0 7 0 3.85463 -3.59662 -0.857518 -1.0896 -0.9330649115479308 -0.22246441292679195 -0.2826730451431136 
0 8 0 4.06483 -3.87665 -0.580442 -1.07586 -0.9537053210097348 -0.14279613169554448 -0.26467527547277503 
0 9 0 4.19822 -4.05396 -0.240949 -1.06414 -0.9656378179323618 -0.05739313328029498 -0.25347409140064125 
0 10 0 4.22385 -4.08741 0.120069 -1.0581 -0.9676977165382294 0.02842643559785504 -0.25050605490251787 
0 11 0 4.17372 -4.00213 0.492162 -1.07735 -0.9588879944030745 0.11791926626606479 -0.2581270425423842 
0 12 0 4.02944 -3.78483 0.809395 -1.12084 -0.939294293996188 0.20087034426620076 -0.27816272236340533 
0 13 0 3.79421 -3.45221 1.06927 -1.15539 -0.9098626591569786 0.28181624106203923 -0.30451398314800704 
0 14 0 3.53556 -3.09809 1.22737 -1.18136 -0.8762657117967169 0.3471500978628563 -0.3341366007082329 
0 15 0 3.20264 -2.66257 1.31903 -1.19492 -0.8313672470212075 0.4118570928983588 -0.3731046886318787 
0 16 0 2.88815 -2.26754 1.34093 -1.18389 -0.7851185014628741 0.4642868272077281 -0.40991292003531676 
0 17 0 2.56001 -1.87716 1.2919 -1.16659 -0.733262760692341 0.5046464662247413 -0.4556974386818801 
0 18 0 2.26046 -1.55027 1.21938 -1.10429 -0.6858205851906249 0.5394388752731745 -0.48852445962326246 
0 19 0 1.76772 -1.04511 -1.07981 -0.930917 -0.5912191976104813 -0.6108490032358066 -0.5266201660896522 
1 0 0 2.05206 -1.30003 -1.23901 -0.992844 -0.633524360886134 -0.6037883882537547 -0.4838279582468349 
1 1 0 2.39045 -1.64398 -1.38151 -1.05025 -0.687728252002761 -0.5779288418498609 -0.4393524231839193 
1 2 0 2.76646 -2.0267 -1.53683 -1.08808 -0.7325968927799426 -0.5555222197320764 -0.3933113075916514 
1 3 0 3.17841 -2.49431 -1.6409 -1.09002 -0.7847665971350455 -0.5162644215189356 -0.3429450574343776 
1 4 0 3.63636 -3.03285 -1.70078 -1.06407 -0.8340345840345841 -0.46771496771496773 -0.29261954261954265 
1 5 0 4.09717 -3.60465 -1.65947 -1.01958 -0.8797901966479301 -0.4050283488359038 -0.24884981584850027 
1 6 0 4.53798 -4.17164 -1.51268 -0.949959 -0.919272451619443 -0.3333377405806108 -0.20933521082067352 
1 7 0 4.92199 -4.6841 -1.23548 -0.871096 -0.9516679229336101 -0.2510122938079923 -0.176980448964748 
1 8 0 5.2387 -5.11197 -0.835733 -0.783129 -0.9758088838834064 -0.15953060873880925 -0.14948918624849677 
1 9 0 5.43689 -5.37469 -0.342131 -0.745305 -0.9885596361154999 -0.06292770315382508 -0.1370829647096042 
1 10 0 5.47903 -5.4249 0.194775 -0.743173 -0.9901205140325934 0.03554917567525639 -0.13563952013403832 
1 11 0 5.40188 -5.29834 0.710829 -0.776294 -0.9808325990210814 0.13158918746806667 -0.14370811643353795 
1 12 0 5.178 -4.96618 1.17356 -0.878372 -0.9590923136346079 0.22664349169563536 -0.16963538045577445 
1 13 0 4.8475 -4.49175 1.52149 -1.00376 -0.9266116554925218 0.31387106756059824 -0.20706756059824652 
1 14 0 4.44897 -3.95136 1.73141 -1.08733 -0.8881516395929845 0.389170976653023 -0.2444003893035916 
1 15 0 3.99637 -3.36038 1.82674 -1.15838 -0.840858078706426 0.45709981808491207 -0.2898580461769055 
1 16 0 3.54199 -2.8055 1.8097 -1.18314 -0.7920688652424202 0.510927472974232 -0.33403256361536876 
1 17 0 3.11942 -2.29351 1.72316 -1.2253 -0.7352360374685037 0.5523975610850735 -0.3927973789999423 
1 18 0 2.69687 -1.84144 1.58094 -1.17593 -0.682806364415044 0.5862129060725952 -0.4360351073652048 
1 19 0 2.03583 -1.16062 -1.34348 -0.996299 -0.5700967173094021 -0.6599175766149433 -0.4893822175721942 
2 0 0 2.39494 -1.48221 -1.56181 -1.04859 -0.6188923313318914 -0.6521290721270678 -0.4378356033971623 
2 1 0 2.83368 -1.89067 -1.80344 -1.09669 -0.6672136585641286 -0.636430366166963 -0.3870197058242285 
2 2 0 3.33226 -2.4127 -2.02458 -1.0881 -0.7240431418916891 -0.6075696374232502 -0.3265351443164699 
2 3 0 3.90207 -3.03543 -2.22239 -1.03599 -0.777902497904958 -0.5695412947486846 -0.26549754361146777 
2 4 0 4.50973 -3.74794 -2.33346 -0.919552 -0.8310785789836641 -0.517427872622086 -0.20390400312213813 
2 5 0 5.16259 -4.55149 -2.31799 -0.750478 -0.8816291822515444 -0.44899749931720323 -0.14536850689285805 
2 6 0 5.80558 -5.36534 -2.14989 -0.543954 -0.9241695058891618 -0.37031442164262657 -0.0936950313319255 
2 7 0 6.36899 -6.10801 -1.77339 -0.333696 -0.9590233302297538 -0.278441322721499 -0.052393864647298866 
2 8 0 6.82522 -6.71553 -1.21143 -0.132891 -0.9839287231766889 -0.17749317970702777 -0.019470581168079565 
2 9 0 7.11029 -7.09228 -0.50569 -0.00269587 -0.9974670512735767 -0.07112086848778319 -0.0003791504987841565 
2 10 0 7.18526 -7.17935 0.290529 0.0242723 -0.9991774827911586 0.0404340274395081 0.003378068434545166 
2 11 0 7.05767 -6.97937 1.04581 -0.0736839 -0.9889056870043513 0.1481806318515884 -0.010440258612261553 
2 12 0 6.73182 -6.50877 1.69871 -0.260341 -0.9668663154986319 0.2523403774907826 -0.038673196847212196 
2 13 0 6.2421 -5.82598 2.18351 -0.504019 -0.9333365373832525 0.3498037519424553 -0.08074510180868619 
2 14 0 5.64051 -5.02542 2.44448 -0.764885 -0.8909513501438701 0.43337925116700443 -0.1356056455887854 
2 15 0 5.00163 -4.21242 2.52274 -0.952677 -0.8422094397226505 0.5043835709558685 -0.19047330570234106 
2 16 0 4.39217 -3.45473 2.46802 -1.12465 -0.7865656383974209 0.5619135871334671 -0.256057939469556 
2 17 0 3.77714 -2.75859 2.28677 -1.19485 -0.7303382982891817 0.6054236803507416 -0.31633722869684466 
2 18 0 3.21511 -2.16372 2.046 -1.21208 -0.6729847501329659 0.636370139746385 -0.3769948773136844 
2 19 0 2.3226 -1.27065 -1.64957 -1.02899 -0.5470808576595195 -0.7102256092310342 -0.4430336691638681 
3 0 0 2.7904 -1.6617 -1.97098 -1.06786 -0.5955060206422018 -0.7063431766055046 -0.38269065366972477 
3 1 0 3.34727 -2.17246 -2.30547 -1.0814 -0.6490244288629241 -0.68876128905048 -0.32306924747630156 
3 2 0 3.99358 -2.81223 -2.65576 -0.993481 -0.7041877212926747 -0.6650073367755247 -0.24876952508776584 
3 3 0 4.78216 -3.64855 -2.97478 -0.841302 -0.7629502149656222 -0.6220578148786322 -0.17592510497348476 
3 4 0 5.61619 -4.59325 -3.18116 -0.569071 -0.8178587262895309 -0.5664267056492035 -0.10132687818610125 
3 5 0 6.53637 -5.67254 -3.24219 -0.186119 -0.867842548692929 -0.49602302195255166 -0.028474367271130615 
3 6 0 7.44415 -6.78818 -3.04294 0.276659 -0.9118811415675396 -0.40876930206941026 0.03716461919762498 
3 7 0 8.26275 -7.82382 -2.54487 0.764524 -0.9468784605609513 -0.3079931015703004 0.0925265801337327 
3 8 0 8.90929 -8.65421 -1.74481 1.19827 -0.9713692112390551 -0.1958416439469363 0.1344966882882923 
3 9 0 9.34324 -9.19689 -0.720073 1.48146 -0.9843362687889854 -0.0770688754650421 0.15855955749825543 
3 10 0 9.43143 -9.29608 0.412655 1.5377 -0.9856490479174419 0.043753174227026015 0.16303996318691863 
3 11 0 9.25844 -9.03131 1.51986 1.35803 -0.9754677893900051 0.16415940482413882 0.14668021826571215 
3 12 0 8.76241 -8.35578 2.45608 0.963543 -0.9535938172260828 0.28029731546458114 0.10996324070660927 
3 13 0 8.03498 -7.40305 3.09044 0.45276 -0.9213526356008355 0.3846232349053763 0.056348615677948174 
3 14 0 7.20812 -6.32733 3.452 -0.0744075 -0.877805863387402 0.4789043467644823 -0.010322733250833781 
3 15 0 6.30882 -5.21561 3.51106 -0.520633 -0.8267171990958689 0.5565319663582097 -0.08252462425620005 
3 16 0 5.42254 -4.17909 3.34341 -0.872218 -0.7706886440671716 0.6165763645819118 -0.16085045015804403 
3 17 0 4.59554 -3.2698 3.03845 -1.09324 -0.711515948071391 0.6611736596787321 -0.23789152090940346 
3 18 0 3.87152 -2.51731 2.68372 -1.20394 -0.6502123197090549 0.6931954374509237 -0.31097346778526264 
3 19 0 2.63975 -1.36152 -1.99659 -1.06214 -0.5157761151624207 -0.7563557155033621 -0.4023638602140355 
4 0 0 3.22184 -1.82386 -2.42887 -1.07443 -0.5660926675440121 -0.7538766667494351 -0.33348335112854766 
4 1 0 3.93764 -2.43523 -2.92543 -1.00823 -0.6184491218090022 -0.7429399335642669 -0.2560493087229914 
4 2 0 4.79158 -3.22753 -3.44191 -0.834018 -0.673583661339266 -0.7183246444805264 -0.1740590786337701 
4 3 0 5.83085 -4.26925 -3.94234 -0.479781 -0.7321831293893687 -0.6761175471843728 -0.0822832005625252 
4 4 0 6.98696 -5.49473 -4.31517 0.068949 -0.786426428661392 -0.6176033639809017 0.00986824026472171 
4 5 0 8.22646 -6.87338 -4.44512 0.819892 -0.8355209895872587 -0.5403442063779561 0.09966522659807499 
4 6 0 9.48982 -8.32508 -4.2146 1.72827 -0.8772642684476628 -0.44411801277579555 0.18211831204385331 
4 7 0 10.6203 -9.65341 -3.54009 2.65882 -0.9089583156784647 -0.33333239174034635 0.25035262657363727 
4 8 0 11.523 -10.7064 -2.43493 3.49636 -0.9291330382712836 -0.21131042263299488 0.3034244554369522 
4 9 0 12.0748 -11.3415 -1.00336 4.02038 -0.9392702156557459 -0.08309537218007752 0.3329562394408189 
4 10 0 12.2249 -11.4912 0.593132 4.12903 -0.9399831491464142 0.048518351888359006 0.33775572806321524 
4 11 0 11.968 -11.1444 2.12534 3.8102 -0.9311831550802139 0.17758522727272727 0.31836564171122994 
4 12 0 11.2893 -10.3024 3.4297 3.08975 -0.9125809394736609 0.30380094425695126 0.27368835977429956 
4 13 0 10.3269 -9.11856 4.33499 2.16908 -0.8829910234436278 0.419776506018263 0.21004173566123427 
4 14 0 9.15067 -7.72352 4.76763 1.16268 -0.8440387425183073 0.5210143082419101 0.12705954864507188 
4 15 0 7.8763 -6.2455 4.78994 0.293681 -0.7929484656501149 0.6081459568579155 0.037286670136993265 
4 16 0 6.66675 -4.9103 4.49414 -0.370456 -0.7365357933025837 0.6741125735928301 -0.05556770540368245 
4 17 0 5.55379 -3.75853 4.00082 -0.843457 -0.676750471299779 0.7203765356630337 -0.15187052445267105 
4 18 0 4.58202 -2.83135 3.43556 -1.08412 -0.6179261548400051 0.7497915766408703 -0.23660307026158767 
4 19 0 2.98687 -1.39177 -2.4198 -1.06251 -0.46596269673604807 -0.8101457378459724 -0.3557268980571635 
5 0 0 3.70511 -1.91603 -3.00147 -1.02364 -0.5171317450763945 -0.8100893090893387 -0.27627789728240193 
5 1 0 4.61899 -2.65477 -3.67998 -0.863099 -0.5747511901952591 -0.7967066393302432 -0.1868588154553268 
5 2 0 5.72764 -3.60036 -4.42682 -0.496454 -0.6285939758783722 -0.7728872624676132 -0.08667688611714423 
5 3 0 7.06488 -4.82637 -5.15684 0.160505 -0.6831496076366478 -0.729926056776619 0.022718715675283944 
5 4 0 8.6167 -6.33322 -5.73374 1.12342 -0.7349936750728236 -0.6654217972077477 0.13037705850267506 
5 5 0 10.2612 -7.99124 -5.95295 2.44856 -0.7787822087085331 -0.580141698826648 0.238623162982887 
5 6 0 11.9263 -9.68802 -5.67086 4.0274 -0.8123240233769066 -0.47549197990994696 0.3376906500758827 
5 7 0 13.4157 -11.2111 -4.73625 5.64434 -0.835670147662813 -0.35303785862832354 0.4207264622792698 
5 8 0 14.5421 -12.3361 -3.22853 6.99065 -0.8483025147674683 -0.22201263916490743 0.4807180531009964 
5 9 0 15.23 -12.9771 -1.29883 7.86513 -0.8520748522652659 -0.08528102429415627 0.5164235062376887 
5 10 0 15.386 -13.0983 0.798891 8.03283 -0.8513128818406344 0.051923241908228265 0.5220869621734044 
5 11 0 15.0536 -12.7193 2.83822 7.53487 -0.8449341021416804 0.1885409470159962 0.5005360843917734 
5 12 0 14.2153 -11.8351 4.60147 6.38998 -0.8325606916491387 0.3236984094602295 0.449514255766674 
5 13 0 12.993 -10.5592 5.81446 4.84901 -0.8126837527899639 0.4475071192180405 0.37320172400523355 
5 14 0 11.4412 -8.92188 6.41576 3.18435 -0.7798028178862356 0.5607593609061986 0.2783230779988113 
5 15 0 9.75757 -7.18196 6.40036 1.63249 -0.7360398131911942 0.6559379025720543 0.1673049744967241 
5 16 0 8.13976 -5.56478 5.92369 0.445826 -0.683654063510472 0.7277475011548251 0.0547713937511671 
5 17 0 6.68045 -4.19533 5.18394 -0.392946 -0.62800110770981 0.7759866476060744 -0.05882028905238419 
5 18 0 5.40653 -3.06853 4.35882 -0.902964 -0.5675599691484187 0.8062139671841273 -0.16701359282201336 
5 19 0 3.35109 -1.40608 -2.84707 -1.07097 -0.41958885019501113 -0.849595206335849 -0.3195885517846432 
6 0 0 4.21351 -1.9667 -3.60725 -0.934636 -0.46676049184646523 -0.8561152103590592 -0.22181886360777592 
6 1 0 5.30999 -2.72121 -4.51543 -0.63394 -0.5124698916570465 -0.8503650666008787 -0.11938628886306753 
6 2 0 6.70887 -3.80749 -5.52371 -0.0244282 -0.5675307466085943 -0.8233443187899006 -0.003641179513092369 
6 3 0 8.38887 -5.15578 -6.53861 1.01867 -0.6145976752530435 -0.77943870866994 0.12143113434824951 
6 4 0 10.3762 -6.85703 -7.34066 2.60038 -0.6608421194657003 -0.7074516682407818 0.2506100499219367 
6 5 0 12.4766 -8.68282 -7.64157 4.67761 -0.6959283779234727 -0.6124721478607954 0.37491063270442265 
6 6 0 14.525 -10.4367 -7.2044 7.08144 -0.7185335628227194 -0.49599999999999994 0.4875345955249569 
6 7 0 16.2838 -11.8664 -5.92234 9.44863 -0.7287242535526106 -0.3636952062786328 0.5802472395878112 
6 8 0 17.5408 -12.8055 -3.94665 11.3192 -0.7300408191188543 -0.22499828970172397 0.645306941530603 
6 9 0 18.2339 -13.2402 -1.54269 12.4416 -0.7261309977569254 -0.08460559726662974 0.6823334558158156 
6 10 0 18.3997 -13.2934 0.984671 12.6833 -0.7224791708560466 0.0535156007978391 0.6893210215383946 
6 11 0 18.032 -13.0008 3.4387 12.0129 -0.7209849157054126 0.19069986690328306 0.6661989795918367 
6 12 0 17.1318 -12.3059 5.65767 10.4907 -0.7183074749880339 0.33024375722340915 0.6123524673414353 
6 13 0 15.7306 -11.1533 7.30379 8.34922 -0.7090193635334952 0.4643046037659085 0.5307629715331901 
6 14 0 13.8906 -9.56441 8.17313 5.88819 -0.688552690308554 0.5883928699984162 0.42389745583344135 
6 15 0 11.8104 -7.73517 8.20195 3.51859 -0.6549456411298517 0.6944684346000136 0.2979230170019644 
6 16 0 9.76446 -5.96493 7.56139 1.60925 -0.610881707744207 0.7743787162833378 0.16480686079926593 
6 17 0 7.88937 -4.4139 6.53364 0.266727 -0.5594743306499758 0.8281573813878674 0.03380840295232699 
6 18 0 6.29675 -3.18177 5.40438 -0.564028 -0.5053035295986025 0.858280859173383 -0.08957446301663556 
6 19 0 3.69364 -1.32468 -3.29579 -1.0129 -0.3586380914220119 -0.8922878244766681 -0.27422813268212387 
7 0 0 4.70935 -1.87293 -4.24383 -0.812409 -0.39770456644759894 -0.9011498402114942 -0.17250979434529184 
7 1 0 6.04182 -2.66061 -5.41491 -0.321809 -0.44036565140967454 -0.8962382196093229 -0.053263586137951804 
7 2 0 7.72363 -3.75695 -6.72317 0.582061 -0.48642283485873866 -0.8704676428052612 0.07536106727018255 
7 3 0 9.80096 -5.17116 -8.04331 2.15016 -0.5276177027556485 -0.8206655266422881 0.21938259109311742 
7 4 0 12.2272 -6.8877 -9.05654 4.47682 -0.5633096702433917 -0.7406879743522639 0.36613615545668676 
7 5 0 14.7228 -8.63862 -9.32601 7.42699 -0.586751161463852 -0.6334399706577554 0.5044549949737822 
7 6 0 17.0112 -10.1505 -8.56794 10.6272 -0.596695118510158 -0.503664644469526 0.6247178329571107 
7 7 0 18.8315 -11.1378 -6.80383 13.5751 -0.5914451849295065 -0.3613004805777554 0.7208719432865147 
7 8 0 19.9783 -11.5766 -4.3758 15.6833 -0.579458712703283 -0.21902764499481936 0.7850167431663354 
7 9 0 20.5592 -11.6531 -1.66037 16.8561 -0.566807074205222 -0.08076043814934432 0.8198811237791355 
7 10 0 20.6536 -11.5664 1.06429 17.078 -0.5600185924003563 0.05153048378975093 0.8268776387651546 
7 11 0 20.3713 -11.4958 3.75814 16.3925 -0.5643135195102914 0.1844820899991655 0.8046860043296205 
7 12 0 19.5961 -11.1854 6.35697 14.7812 -0.5707972504733084 0.3243997530120789 0.7542929460453865 
7 13 0 18.2448 -10.4953 8.49477 12.2703 -0.5752488380250811 0.4655995132859774 0.672536832412523 
7 14 0 16.2863 -9.24935 9.80609 9.13959 -0.5679221185904717 0.6021066786194531 0.5611827118498369 
7 15 0 13.9042 -7.62526 10.0384 5.86615 -0.548414148242977 0.7219689014830051 0.421897699975547 
7 16 0 11.4554 -5.90242 9.31196 3.11056 -0.5152521954711315 0.8128882448452258 0.2715365679068387 
7 17 0 9.15357 -4.31613 7.99408 1.11964 -0.4715242249745182 0.8733292037969885 0.12231730352201381 
7 18 0 7.21154 -3.05168 6.53223 -0.153722 -0.42316620305787667 0.9058023667621617 -0.021316112785895937 
7 19 0 4.00133 -1.14537 -3.71401 -0.951257 -0.28624732276518056 -0.9281938755363841 -0.23773520304498752 
8 0 0 5.15948 -1.64908 -4.8434 -0.665003 -0.31962135719103474 -0.9387380123578345 -0.128889539255894 
8 1 0 6.6862 -2.3852 -6.24629 -0.000812788 -0.35673476713230234 -0.9342062756124555 -0.0001215620232718136 
8 2 0 8.68152 -3.42171 -7.87475 1.28415 -0.39413720178033335 -0.907070420847962 0.14791764575788569 
8 3 0 11.1088 -4.735 -9.46542 3.37512 -0.4262386576407893 -0.8520650295261414 0.3038239953910413 
8 4 0 13.8882 -6.25725 -10.592 6.44513 -0.4505443469996112 -0.7626618280266702 0.4640723779899483 
8 5 0 16.6418 -7.69171 -10.6895 10.1746 -0.4621921907485969 -0.6423283539040249 0.6113881911812424 
8 6 0 18.9505 -8.69446 -9.47374 13.9203 -0.4587984485897469 -0.4999203187250995 0.7345610933748449 
8 7 0 20.5599 -9.09994 -7.13676 16.999 -0.4426062383571905 -0.34712036537142693 0.8268036323133867 
8 8 0 21.3525 -8.97024 -4.34811 18.8828 -0.42010256410256414 -0.20363470319634705 0.8843367287202903 
8 9 0 21.5997 -8.65407 -1.55063 19.7295 -0.40065695356879966 -0.07178942300124538 0.9134154641036683 
8 10 0 21.6203 -8.50375 1.05052 19.8499 -0.39332247933654946 0.048589520034412095 0.9181139947179272 
8 11 0 21.4946 -8.58708 3.66411 19.3612 -0.39949940915392707 0.1704665357810799 0.900747164404083 
8 12 0 21.0777 -8.73758 6.4544 18.0629 -0.41454143478652794 0.30621936928602267 0.8569673161682726 
8 13 0 20.0251 -8.59059 9.07361 15.6486 -0.4289911161492328 0.45311184463498316 0.7814492811521541 
8 14 0 18.2207 -7.92385 10.9543 12.2152 -0.4348817553661495 0.6012008320207236 0.6704023445861026 
8 15 0 15.7114 -6.6675 11.5735 8.27323 -0.4243733849306873 0.7366307267334546 0.5265749710401365 
8 16 0 12.961 -5.21095 10.8794 4.74036 -0.4020484530514621 0.8393951084021295 0.3657402978165265 
8 17 0 10.3234 -3.80927 9.37266 2.05326 -0.3689937423716993 0.9079043725904257 0.19889377530658503 
8 18 0 8.05102 -2.6555 7.59272 0.343351 -0.3298339837685163 0.9430755357706229 0.04264689443076779 
8 19 0 4.25535 -0.883435 -4.06406 -0.90055 -0.20760571985853102 -0.9550471759079746 -0.21162771569906116 
9 0 0 5.52939 -1.27835 -5.35691 -0.493424 -0.23119186745735062 -0.9688066857284438 -0.0892366065696216 
9 1 0 7.23828 -1.89094 -6.97822 0.34847 -0.2612416209375708 -0.9640715750150589 0.048142652674392265 
9 2 0 9.47245 -2.71278 -8.87197 1.91214 -0.28638630977202306 -0.9366077413974209 0.20186329830191765 
9 3 0 12.1859 -3.76027 -10.6642 4.5423 -0.3085754847815918 -0.875126170410064 0.3727504739083695 
9 4 0 15.2117 -4.93983 -11.8046 8.22455 -0.32473885233077165 -0.7760210890301544 0.5406726401388405 
9 5 0 18.0522 -5.91056 -11.6209 12.486 -0.32741494111521036 -0.6437387132870233 0.6916608502010836 
9 6 0 20.2312 -6.43954 -9.86226 16.449 -0.3182974811182728 -0.4874777571276048 0.8130511289493456 
9 7 0 21.436 -6.35683 -7.0122 19.2333 -0.296549262922187 -0.3271225974995335 0.8972429557753312 
9 8 0 21.7146 -5.8716 -3.96522 20.5262 -0.27039871791329334 -0.1826061728053936 0.9452718447496155 
9 9 0 21.5301 -5.35599 -1.30461 20.8124 -0.2487675393983307 -0.06059470230050023 0.9666652732685868 
9 10 0 21.4475 -5.14932 0.917414 20.7999 -0.24008952092318453 0.042774868865835175 0.9698053386175545 
9 11 0 21.5525 -5.35662 3.24581 20.6223 -0.24853822062405756 0.15060016239415383 0.956840273750145 
9 12 0 21.6109 -5.76974 6.06438 19.924 -0.26698286512824543 0.28061672581891545 0.9219421680725929 
9 13 0 21.0495 -5.98774 9.08293 18.0202 -0.28445996341955865 0.43150336112496734 0.8560868429178841 
9 14 0 19.5614 -5.75659 11.5656 14.6883 -0.29428312901939535 0.59124602533561 0.7508818387231998 
9 15 0 17.1285 -4.98243 12.6638 10.4014 -0.2908853664944391 0.7393408646408034 0.6072569109962928 
9 16 0 14.1963 -3.91958 12.1448 6.21892 -0.276098701774406 0.855490515134225 0.43806625670068955 
9 17 0 11.2793 -2.84478 10.5104 2.9429 -0.2522124599930847 0.931830876029541 0.2609115813924623 
9 18 0 8.74601 -1.95887 8.48499 0.812606 -0.22397298882576167 0.9701555337805468 0.09291162484378591 
9 19 0 4.41205 -0.534967 -4.29668 -0.84767 -0.1212513457463084 -0.9738511576251403 -0.19212610917827316 
10 0 0 5.78159 -0.788037 -5.71332 -0.404677 -0.136301086725278 -0.9881918295832117 -0.06999406737592946 
10 1 0 7.61953 -1.18045 -7.50397 0.595186 -0.1549242538581776 -0.984833710215722 0.0781132169569514 
10 2 0 10.0085 -1.70619 -9.5599 2.42203 -0.1704740970175351 -0.9551780986161763 0.24199730229305091 
10 3 0 12.8981 -2.37104 -11.4746 5.3919 -0.18382862592164737 -0.8896349074669914 0.41803831572092015 
10 4 0 16.0776 -3.09072 -12.5936 9.50468 -0.19223764741006122 -0.783300990197542 0.5911752997959895 
10 5 0 18.9175 -3.61485 -12.1177 14.0701 -0.19108497423021012 -0.640555041628122 0.7437610677943702 
10 6 0 20.8735 -3.79121 -9.91445 17.9731 -0.18162790140608906 -0.4749778427192373 0.8610486981100438 
10 7 0 21.6688 -3.58429 -6.67972 20.2995 -0.16541248246326515 -0.3082644170420143 0.9368077604666616 
10 8 0 21.4412 -3.0927 -3.50726 20.9251 -0.14424099397421786 -0.16357573270152792 0.9759295188702126 
10 9 0 20.8975 -2.66091 -1.0559 20.7005 -0.12733149898313195 -0.05052757506878813 0.9905730350520398 
10 10 0 20.7147 -2.52906 0.803253 20.544 -0.12209010992193949 0.03877695549537285 0.9917594751553245 
10 11 0 21.0469 -2.68095 2.78343 20.689 -0.1273798041516803 0.13224892977113017 0.9829951204215347 
10 12 0 21.5191 -3.00531 5.5176 20.5815 -0.13965779237979284 0.256404775292647 0.95642940457547 
10 13 0 21.456 -3.23677 8.80784 19.2952 -0.15085617076808353 0.41050708426547355 0.8992915734526473 
10 14 0 20.2874 -3.17792 11.7346 16.2412 -0.156645011189211 0.5784181314510484 0.8005560101343691 
10 15 0 17.9906 -2.77065 13.2633 11.8351 -0.15400542505530665 0.7372350005002611 0.6578490989739086 
10 16 0 15.0105 -2.15089 12.9393 7.29824 -0.14329236201325737 0.8620165883881282 0.4862089870424036 
10 17 0 11.9252 -1.5207 11.2628 3.61191 -0.1275198738805219 0.9444537617817731 0.30288045483513903 
10 18 0 9.2076 -1.00016 9.08013 1.15361 -0.10862331117772275 0.9861560015639256 0.12528889178504715 
10 19 0 4.48834 -0.158434 -4.40596 -0.841196 -0.035299019236510604 -0.9816457754982912 -0.18741806547632311 
11 0 0 5.86909 -0.219867 -5.85485 -0.344377 -0.03746185524502095 -0.9975737294878763 -0.05867638765123724 
11 1 0 7.75847 -0.342361 -7.71719 0.722289 -0.04412738594078472 -0.9946793633280789 0.09309683481408061 
11 2 0 10.2252 -0.491786 -9.86378 2.6493 -0.048095489574776044 -0.9646539920979542 0.2590951766224622 
11 3 0 13.1836 -0.697995 -11.8329 5.77098 -0.05294418823386632 -0.8975469522740375 0.4377393124791407 
11 4 0 16.3942 -0.91819 -12.9117 10.0605 -0.05600700247648558 -0.7875773139280965 0.6136621488087249 
11 5 0 19.2386 -1.06575 -12.3181 14.7395 -0.055396442568586064 -0.6402804777894441 0.7661420269666191 
11 6 0 21.0849 -1.10855 -9.91546 18.5749 -0.05257553984130823 -0.4702635535383141 0.8809574624494305 
11 7 0 21.6745 -1.03268 -6.50564 20.6494 -0.04764492837205011 -0.30015179127546193 0.9527047913446678 
11 8 0 21.2199 -0.890311 -3.2904 20.9443 -0.041956418267758096 -0.155061993694598 0.9870121913863873 
11 9 0 20.4964 -0.773449 -0.953926 20.4595 -0.037735846294959116 -0.04654114868952597 0.9981996838469194 
11 10 0 20.2488 -0.705519 0.71155 20.2239 -0.03484250918572953 0.0351403539962862 0.9987702974991112 
11 11 0 20.6931 -0.710306 2.53104 20.5254 -0.03432574143071845 0.12231323484639807 0.9918958493410847 
11 12 0 21.41 -0.707284 5.20348 20.756 -0.0330352171882298 0.24303970107426434 0.9694535263895376 
11 13 0 21.5524 -0.630487 8.58804 19.7574 -0.029253679404613875 0.3984725599005215 0.9167146118297731 
11 14 0 20.5778 -0.510737 11.7305 16.8992 -0.024819805810144913 0.5700560798530455 0.8212345343039587 
11 15 0 18.3445 -0.315517 13.4528 12.4676 -0.01719954209708632 0.7333424187086047 0.6796369484041538 
11 16 0 15.3554 -0.0975523 13.2356 7.7845 -0.00635296377821483 0.861950844653998 0.5069552079398779 
11 17 0 12.2084 0.0418396 11.5658 3.90849 0.0034271157563644703 0.9473641099570788 0.3201476032895384 
11 18 0 9.41699 0.100268 9.32554 1.30537 0.010647563605780615 0.990288829020738 0.13861860318424463 
11 19 0 4.43534 0.252616 -4.35271 -0.813855 0.05695527287648749 -0.9813700866224461 -0.18349326094504592 
12 0 0 5.81561 0.366849 -5.79342 -0.350782 0.06308005523066368 -0.996184407138718 -0.060317318389644416 
12 1 0 7.66327 0.518773 -7.61639 0.668694 0.06769603576541086 -0.993882507075961 0.08725961632566777 
12 2 0 10.0897 0.753885 -9.73098 2.55764 0.07471827705481827 -0.9644469112064779 0.25349019296906744 
12 3 0 13.0085 1.01006 -11.6912 5.61395 0.07764615443748318 -0.8987354422108622 0.43156013375869623 
12 4 0 16.1978 1.31245 -12.7968 9.84321 0.08102643568879724 -0.7900332143871389 0.6076880810974329 
12 5 0 19.0297 1.53665 -12.2727 14.462 0.08075009064777691 -0.6449234617466383 0.7599699417226756 
12 6 0 20.933 1.57863 -9.98614 18.3296 0.07541346199780251 -0.4770525008360006 0.875631777576076 
12 7 0 21.6343 1.42804 -6.67012 20.5308 0.0660081444742839 -0.3083122633965508 0.9489930342095654 
12 8 0 21.3175 1.21206 -3.48047 20.9965 0.05685751143426762 -0.16326820687228802 0.9849419491028498 
12 9 0 20.6788 0.970696 -1.07751 20.6278 0.04694160202719694 -0.0521069888001238 0.9975337060177574 
12 10 0 20.4921 0.954831 0.683763 20.4584 0.046595078103269065 0.033367151243649994 0.998355463812884 
12 11 0 20.8829 1.128 2.60082 20.6895 0.0540154863548645 0.12454304718214425 0.9907388341657528 
12 12 0 21.4759 1.52535 5.31106 20.7529 0.07102612696091898 0.24730325620812169 0.9663343561853054 
12 13 0 21.5301 1.93618 8.64478 19.623 0.0899289831445279 0.4015206617711948 0.9114216840609194 
12 14 0 20.4197 2.21906 11.6633 16.6134 0.10867250743154894 0.5711788126172275 0.8135966738003007 
12 15 0 18.1576 2.23767 13.2808 12.1783 0.1232360003524695 0.7314182491078116 0.6706998722298102 
12 16 0 15.1883 1.97974 13.0052 7.59157 0.1303463850463844 0.8562643613834333 0.4998301324045482 
12 17 0 12.0568 1.61552 11.34 3.76307 0.13399243580386172 0.9405480724570366 0.3121118373034304 
12 18 0 9.2925 1.2105 9.13009 1.23565 0.13026634382566585 0.9825224643529727 0.13297282754909873 
12 19 0 4.29174 0.614203 -4.15528 -0.880586 0.14311281671303483 -0.9682040384552654 -0.20518158136326992 
13 0 0 5.58389 0.911728 -5.49071 -0.448016 0.16327828807515907 -0.9833127085239859 -0.08023367222491848 
13 1 0 7.32881 1.31527 -7.19428 0.473079 0.17946569770535734 -0.9816436774865224 0.06455058870403245 
13 2 0 9.61338 1.88713 -9.17161 2.17655 0.1963024451337615 -0.9540463395808758 0.2264084016235705 
13 3 0 12.3733 2.60314 -11.0492 4.92317 0.2103836486628466 -0.8929873194701494 0.3978865783582391 
13 4 0 15.4568 3.379 -12.2171 8.84515 0.21860928523368356 -0.7904029294549972 0.5722497541535118 
13 5 0 18.2939 4.02635 -11.9499 13.2535 0.22009248984634222 -0.6532177392464155 0.7244764648325398 
13 6 0 20.3738 4.31855 -10.0612 17.1818 0.2119658581118888 -0.49383031147846745 0.8433281960164525 
13 7 0 21.4489 4.1703 -7.08182 19.8119 0.19442955116579408 -0.3301717104373651 0.9236790697891268 
13 8 0 21.5532 3.76291 -3.99321 20.8431 0.17458706827756437 -0.18527225655587104 0.9670536161683647 
13 9 0 21.2946 3.36144 -1.41416 20.98 0.15785410385731594 -0.06640932442966763 0.9852263015036676 
13 10 0 21.1879 3.28407 0.709801 20.9198 0.1549974277771747 0.03350029969935671 0.9873465515695279 
13 11 0 21.4179 3.60688 2.90838 20.9107 0.1684049323229635 0.13579202442816524 0.9763188734656525 
13 12 0 21.6446 4.22297 5.7174 20.4442 0.1951050146456853 0.2641490256230191 0.9445404396477642 
13 13 0 21.2326 4.73711 8.84808 18.7108 0.22310550756855024 0.41672145662801535 0.8812298069949039 
13 14 0 19.8524 4.9153 11.4647 15.4441 0.2475922306622877 0.5774969273236485 0.7779462432753723 
13 15 0 17.4317 4.59846 12.7077 11.0106 0.2637987115427641 0.7289994664892122 0.6316423527252075 
13 16 0 14.473 3.86442 12.254 6.66129 0.2670089131486216 0.846680024873903 0.46025633939058935 
13 17 0 11.4779 2.98922 10.6166 3.17702 0.2604326575418848 0.9249601407923053 0.2767945355857779 
13 18 0 8.88659 2.21314 8.55604 0.93144 0.24904265865759534 0.9628035050564951 0.10481410754856475 
13 19 0 4.04207 0.924478 -3.82559 -0.921143 0.22871400049974397 -0.9464432827734305 -0.22788892819768092 
14 0 0 5.23221 1.34169 -5.02492 -0.571041 0.25642892773799214 -0.9603819418563092 -0.10913954141748898 
14 1 0 6.81381 1.9219 -6.53459 0.183046 0.2820595232329636 -0.9590214578921337 0.026863971845413944 
14 2 0 8.87255 2.75795 -8.28519 1.57211 0.31084073913362 -0.9338003167071472 0.1771880688189979 
14 3 0 11.3772 3.82033 -9.98468 3.89241 0.33578824315297257 -0.8776043314699575 0.34212372112646344 
14 4 0 14.2247 5.05074 -11.1751 7.20753 0.35506829669518514 -0.7856123503483378 0.5066911780213291 
14 5 0 16.9983 6.14945 -11.2326 11.1783 0.36176852979415586 -0.6608072571963078 0.65761282010554 
14 6 0 19.2682 6.87533 -9.88729 15.0411 0.35682264041270073 -0.5131403037128534 0.7806178055033682 
14 7 0 20.7508 7.07561 -7.42911 18.0371 0.34098010679106344 -0.35801559457948606 0.8692243190623975 
14 8 0 21.4083 6.86845 -4.5507 19.7594 0.32083117295628333 -0.21256708846568853 0.9229784709668679 
14 9 0 21.5748 6.57957 -1.81625 20.4666 0.3049655153234329 -0.08418386265457849 0.9486345180488347 
14 10 0 21.6108 6.55016 0.706022 20.5821 0.303096599848224 0.032669868769319044 0.9523988005997002 
14 11 0 21.6041 6.83641 3.25263 20.2342 0.31644039788743805 0.15055614443554696 0.9365907397207013 
14 12 0 21.3195 7.33713 6.06716 19.0755 0.34415112924787167 0.2845826590679894 0.8947442482234574 
14 13 0 20.4058 7.5922 8.8533 16.7444 0.3720608846504425 0.4338619412127925 0.8205706220780367 
14 14 0 18.6703 7.36064 10.9011 13.2502 0.39424326336480936 0.5838738531250167 0.7096940059881202 
14 15 0 16.1553 6.51907 11.6711 9.07073 0.40352515892617286 0.7224316478183629 0.561470848576009 
14 16 0 13.3445 5.31681 11.0441 5.27583 0.3984270673311102 0.8276143729626438 0.395356139233392 
14 17 0 10.5788 4.04038 9.48968 2.35187 0.3819317881045109 0.8970469240367528 0.2223191666351571 
14 18 0 8.22867 2.93976 7.6703 0.485128 0.3572582203442355 0.932143347588371 0.05895582153616563 
14 19 0 3.74208 1.14632 -3.42554 -0.97712 0.3063323071660681 -0.9154106806909525 -0.2611168120403626 
15 0 0 4.78673 1.63278 -4.43939 -0.73389 0.3411055146206282 -0.9274368932444488 -0.15331760930739774 
15 1 0 6.16522 2.33425 -5.70377 -0.168203 0.3786158482584563 -0.9251527115009683 -0.027282562503852255 
15 2 0 7.92501 3.30895 -7.14654 0.885191 0.4175325961733802 -0.9017704709520871 0.11169588429541413 
15 3 0 10.0934 4.56225 -8.6048 2.64946 0.4520032892781421 -0.8525174866744604 0.2624943032080369 
15 4 0 12.6028 6.06178 -9.72452 5.24576 0.48098676484590724 -0.7716158314025454 0.4162376614720538 
15 5 0 15.1589 7.55999 -10.0095 8.51171 0.4987162656921017 -0.6603051672614767 0.5614991852970863 
15 6 0 17.4576 8.81113 -9.19253 11.9428 0.5047159976170837 -0.5265632160205297 0.6841031986069105 
15 7 0 19.2345 9.57732 -7.32923 14.984 0.4979240427357093 -0.38104603706880863 0.7790168707270789 
15 8 0 20.3156 9.87023 -4.81605 17.0911 0.4858448679832247 -0.2370616668963752 0.8412796077890883 
15 9 0 20.8396 9.92909 -2.08309 18.2033 0.47645300293671666 -0.09995825255763066 0.8734956525077255 
15 10 0 20.976 10.0118 0.644482 18.4213 0.4772978642257818 0.03072473302822273 0.8782084286803966 
15 11 0 20.7592 10.1627 3.36157 17.7866 0.48955162048633855 0.16193157732475238 0.8568056572507611 
15 12 0 20.087 10.237 6.03373 16.1952 0.5096330960322597 0.3003798476626674 0.806252800318614 
15 13 0 18.7741 9.93547 8.32747 13.5796 0.5292115201261313 0.44356160881214013 0.7233156316414634 
15 14 0 16.8551 9.11165 9.80928 10.2397 0.5405871219986829 0.5819769683953224 0.6075134529014956 
15 15 0 14.3933 7.73433 10.1493 6.65864 0.5373562699311485 0.705140586244989 0.4626208027346057 
15 16 0 11.8337 6.15845 9.43093 3.62887 0.5204162687916712 0.7969553056102486 0.3066555684190067 
15 17 0 9.4341 4.62938 8.10137 1.39244 0.49070711567611114 0.8587326825028353 0.14759648509131765 
15 18 0 7.38749 3.35575 6.58132 -0.010838 0.45424765380393073 0.8908736255480549 -0.0014670747439252034 
15 19 0 3.39413 1.27304 -2.9757 -1.02209 0.37507107859746086 -0.8767195128059325 -0.30113460592257807 
16 0 0 4.28842 1.77679 -3.80222 -0.881295 0.4143227575657235 -0.8866249108063109 -0.20550575736518345 
16 1 0 5.44357 2.49158 -4.81459 -0.49414 0.4577106567932441 -0.8844545032028613 -0.09077498773782647 
16 2 0 6.90898 3.49789 -5.9541 0.217633 0.5062816797848597 -0.8617914655998427 0.031500018816091525 
16 3 0 8.71262 4.80925 -7.11495 1.46911 0.5519866584333989 -0.8166257681386312 0.16861862447805598 
16 4 0 10.7996 6.39607 -8.04839 3.30824 0.5922506389125524 -0.7452488981073373 0.3063298640690396 
16 5 0 12.995 8.07876 -8.42556 5.71094 0.6216821854559447 -0.6483693728357062 0.4394721046556368 
16 6 0 15.1064 9.6917 -7.97278 8.40892 0.6415625165492772 -0.5277749827887518 0.5566461896944341 
16 7 0 16.8914 10.9531 -6.64003 11.0118 0.6484424026427649 -0.3931012231076169 0.6519175438388765 
16 8 0 18.1705 11.7903 -4.58689 13.0429 0.6488704218375939 -0.2524360914669382 0.7178063344431909 
16 9 0 18.8836 12.2388 -2.1151 14.2241 0.6481179436124467 -0.11200724438136796 0.7532514986549175 
16 10 0 19.0594 12.4131 0.507057 14.454 0.6512849302706276 0.026604037902557266 0.7583659506595171 
16 11 0 18.7491 12.368 3.0741 13.7517 0.6596583302665195 0.16395987007376356 0.7334592060418901 
16 12 0 17.8653 11.9671 5.41925 12.1073 0.6698516117837372 0.30333943454629925 0.6776992269931095 
16 13 0 16.4477 11.1158 7.22969 9.73118 0.675827015327371 0.4395562905451826 0.5916438164606601 
16 14 0 14.5479 9.75517 8.24308 6.96642 0.6705552004069315 0.5666164876030217 0.47886086651681686 
16 15 0 12.3484 8.05972 8.3376 4.24368 0.6526934663600144 0.6751967866282271 0.3436623368209647 
16 16 0 10.1742 6.32407 7.70387 2.04206 0.6215790922136384 0.7571966346248353 0.2007096381042244 
16 17 0 8.18003 4.76228 6.6322 0.49758 0.5821836839229195 0.8107794225693549 0.06082862776786882 
16 18 0 6.48486 3.48434 5.44992 -0.459443 0.5373038122642586 0.8404067319880459 -0.07084856111003167 
16 19 0 3.0323 1.30173 -2.52132 -1.06926 0.42928799920852156 -0.8314876496388879 -0.352623421165452 
17 0 0 3.76626 1.78921 -3.16484 -0.983498 0.4750627943901908 -0.8403137329871012 -0.2611338569296862 
17 1 0 4.69594 2.4775 -3.91796 -0.750635 0.527583401832221 -0.8343292290787361 -0.15984765563444167 
17 2 0 5.8849 3.41216 -4.78448 -0.313003 0.5798161396115482 -0.8130095668575508 -0.0531874798212374 
17 3 0 7.31121 4.63391 -5.63584 0.466819 0.6338089044084358 -0.7708491480890304 0.06384975947893713 
17 4 0 8.94656 6.0897 -6.34533 1.64112 0.6806750304027469 -0.7092480238214465 0.18343586808784604 
17 5 0 10.7097 7.75532 -6.66031 3.19274 0.7241397985004249 -0.6218951044380329 0.2981166605974024 
17 6 0 12.4591 9.41435 -6.41708 5.04178 0.7556203899158046 -0.5150516489955134 0.4046664686855391 
17 7 0 14.0208 10.8908 -5.49313 6.91366 0.776760241926281 -0.3917843489672487 0.4931002510555746 
17 8 0 15.2078 12.0293 -3.92459 8.43635 0.7909954102500032 -0.2580642828022462 0.554738357947895 
17 9 0 15.8949 12.7005 -1.91129 9.36445 0.7990298775078799 -0.12024548754631989 0.5891480915262128 
17 10 0 16.09 12.9371 0.299503 9.56194 0.8040459912989434 0.018614232442510877 0.5942784338098198 
17 11 0 15.7678 12.7337 2.45968 8.96816 0.8075761995966464 0.1559938609064042 0.5687641903119014 
17 12 0 14.9132 12.0388 4.34522 7.65448 0.8072579996244937 0.2913673792345037 0.5132687820186144 
17 13 0 13.6343 10.883 5.70617 5.90702 0.7982074620625921 0.4185158020580448 0.4332470313840828 
17 14 0 12.0015 9.34727 6.39901 3.96459 0.7788418114402367 0.5331841853101695 0.33034120734908134 
17 15 0 10.2322 7.65639 6.4383 2.15094 0.7482643028869647 0.6292195226832938 0.21021285745001073 
17 16 0 8.49151 5.99138 5.97073 0.747935 0.7055729781864475 0.7031411374419861 0.08808032964690615 
17 17 0 6.92756 4.55761 5.21273 -0.216041 0.6578954206098541 0.7524626275340812 -0.031185727730975988 
17 18 0 5.58976 3.39357 4.36618 -0.815863 0.6071047773070758 0.7811033031829631 -0.1459567137050607 
17 19 0 2.64573 1.26483 -2.0634 -1.06887 0.4780646551235387 -0.7798981755507932 -0.403998140399814 
18 0 0 3.23994 1.70876 -2.53465 -1.07373 0.5274048284844781 -0.7823138700099386 -0.33140428526454196 
18 1 0 3.98155 2.32809 -3.08314 -0.962815 0.5847195187803745 -0.7743567203727192 -0.2418191407868795 
18 2 0 4.88564 3.1156 -3.68813 -0.748431 0.6377056025413251 -0.7548918872450692 -0.15318996078302943 
18 3 0 5.93062 4.1179 -4.25556 -0.324612 0.6943456164785469 -0.7175573548802654 -0.05473491810299766 
18 4 0 7.13632 5.33872 -4.72538 0.309563 0.7481054661225954 -0.6621592081072598 0.04337852002152369 
18 5 0 8.20411 6.58549 -4.78684 1.01242 0.8027062045730737 -0.5834685297978696 0.12340400116526962 
18 6 0 9.39641 7.95932 -4.60077 1.94287 0.8470596749183997 -0.4896306142452277 0.20676726537049792 
18 7 0 10.4701 9.23257 -4.00582 2.88714 0.8818034211707625 -0.3825961547645199 0.27575094793746 
18 8 0 11.3184 10.2796 -2.99661 3.66823 0.9082202431439073 -0.2647556191687871 0.32409439496748654 
18 9 0 11.861 10.9728 -1.64432 4.19254 0.9251159261445071 -0.13863249304443132 0.3534727257398196 
18 10 0 12.0802 11.2639 -0.076834 4.3647 0.9324266154533866 -0.006360325160179468 0.3613102432078939 
18 11 0 11.8733 11.0638 1.44625 4.05901 0.9318218187024669 0.12180691130519737 0.34186030842310056 
18 12 0 11.2829 10.4007 2.7995 3.3604 0.9218108819541077 0.2481188346967535 0.2978312313323702 
18 13 0 10.3642 9.34788 3.77359 2.40688 0.9019393682097991 0.36409853148337545 0.23223017695528841 
18 14 0 9.23441 8.04635 4.30961 1.39922 0.8713442439744391 0.4666903462159466 0.1515224037052719 
18 15 0 7.97469 6.62527 4.4143 0.464147 0.8307871528548446 0.5535387582464021 0.0582025132011401 
18 16 0 6.76637 5.28603 4.21325 -0.300324 0.7812209500810626 0.6226750827991967 -0.044384803077573344 
18 17 0 5.63271 4.10734 3.7737 -0.78506 0.7291942954634625 0.6699617058218867 -0.13937518530156887 
18 18 0 4.64339 3.12466 3.25814 -1.08722 0.6729264610553927 0.7016727003331618 -0.2341435890588557 
18 19 0 2.14711 1.09768 -1.51477 -1.05388 0.5112360335520769 -0.7054924992198816 -0.49083651978706255 
19 0 0 2.55692 1.44556 -1.80497 -1.09101 0.5653520642022434 -0.705915711089905 -0.42668914162351584 
19 1 0 3.07342 1.89571 -2.1436 -1.12123 0.616807985891938 -0.6974640628355383 -0.36481509198222173 
19 2 0 3.67765 2.49665 -2.48111 -1.06583 0.6788710181773687 -0.6746454937256129 -0.28981278805759114 
19 3 0 4.36699 3.2153 -2.80567 -0.927699 0.7362737262966024 -0.6424722749536866 -0.21243442279464803 
19 4 0 5.13877 4.06533 -3.06039 -0.716968 0.7911095456694891 -0.5955491294609411 -0.1395213251420087 
19 5 0 5.98716 5.05592 -3.18342 -0.386779 0.8444604787578752 -0.5317078548092918 -0.06460141369196747 
19 6 0 6.84904 6.11457 -3.08529 0.0489692 0.8927630733650264 -0.45047043089250466 0.007149790335579877 
19 7 0 7.62023 7.10427 -2.70901 0.508518 0.9322907576280505 -0.3555023929723906 0.06673263142975999 
19 8 0 8.24446 7.93615 -2.0435 0.901467 0.9626039789143255 -0.24786341373479887 0.10934215218461853 
19 9 0 8.6633 8.50696 -1.13912 1.17762 0.9819537589602114 -0.13148800110812275 0.1359320351367262 
19 10 0 8.82863 8.73844 -0.121652 1.25286 0.9897843719807037 -0.013779261334997614 0.14190876727193233 
19 11 0 8.71634 8.59705 0.893694 1.12548 0.9863142098633141 0.10253087878627955 0.12912300346246244 
19 12 0 8.31359 8.07814 1.80071 0.785385 0.9716789016537981 0.21659836484599315 0.09447001836751633 
19 13 0 7.69544 7.28426 2.45864 0.338094 0.946568357364881 0.31949310240869916 0.04393432994084809 
19 14 0 6.92646 6.30826 2.85737 -0.131042 0.9107480588929987 0.41252963274168913 -0.018919043782827015 
19 15 0 6.09798 5.28472 2.99054 -0.560126 0.8666345248754506 0.49041485869091084 -0.09185435176894645 
19 16 0 5.24637 4.26992 2.91438 -0.893635 0.8138808357016375 0.5555040914003397 -0.17033396424575467 
19 17 0 4.46652 3.406 2.67205 -1.09961 0.7625623527936738 0.5982397929484252 -0.24618942711551722 
19 18 0 3.76423 2.65513 2.37577 -1.21465 0.7053580679182728 0.6311436867566541 -0.3226821952962492 
19 19 0 1.59755 -0.933313 -0.941619 -0.891326 -0.5842152045319395 -0.5894144158242308 -0.557933085036462 
