0 0 0 1.57687 0.854003 1.1143 0.718015 0.5415811068762802 0.7066530532003272 0.455341911508241 
0 1 0 2.31432 1.6324 1.32794 0.96327 0.7053475750976529 0.5737927339348059 0.416221611531681 
0 2 0 2.75337 2.24757 1.33098 0.870603 0.8162978459124637 0.4834003421261945 0.3161954259689036 
0 3 0 3.37481 3.0571 1.21054 0.760309 0.9058584038805148 0.35869871192748626 0.22528942370088983 
0 4 0 3.89396 3.75692 0.787653 0.654267 0.9648070344841755 0.20227557550668215 0.16802098634808782 
0 5 0 4.147 4.09656 0.112674 0.634897 0.9878369905956113 0.02717000241138172 0.1530979020979021 
0 6 0 4.00645 3.90003 -0.605347 0.689166 0.9734378314967116 -0.15109311235632542 0.17201412721985795 
0 7 0 3.55668 3.28412 -1.1041 0.803454 0.9233667352699709 -0.3104299515278293 0.225899996626067 
0 8 0 2.94084 2.47491 -1.29766 0.916199 0.8415656751132329 -0.44125487955822146 0.3115433005535833 
0 9 0 2.31632 1.7504 -1.2231 0.897492 0.7556814257097464 -0.5280358499689162 0.38746459901913377 
1 0 0 2.17622 1.32704 1.5288 0.798528 0.6097912894836001 0.7025025043423919 0.3669334901802208 
1 1 0 3.0332 2.15968 1.99457 0.746854 0.7120137148885665 0.657579454041936 0.2462264275352763 
1 2 0 4.16955 3.40603 2.35177 0.503264 0.8168819177129426 0.5640344881342112 0.12069983571368614 
1 3 0 5.40208 4.88482 2.30669 0.0155002 0.9042479933655185 0.427000340609543 0.0028693021947101857 
1 4 0 6.47876 6.26556 1.54111 -0.58488 0.9670924683118374 0.237871135834635 -0.09027653439855773 
1 5 0 6.97084 6.91143 0.184402 -0.88925 0.9914773542356445 0.026453339913123815 -0.12756712247017576 
1 6 0 6.68066 6.52487 -1.28706 -0.633127 0.9766804477401934 -0.19265461795690847 -0.09477012750237253 
1 7 0 5.74418 5.3031 -2.20712 -0.0359173 0.9232127126935437 -0.38423587004585513 -0.006252815893652357 
1 8 0 4.53177 3.79534 -2.41233 0.559478 0.8374961659572309 -0.5323151881053099 0.12345683915997503 
1 9 0 3.36553 2.4648 -2.12589 0.855664 0.732366076071228 -0.6316657406114341 0.25424346239671014 
2 0 0 2.88183 1.5622 2.30877 0.730829 0.542086105009664 0.8011471877244668 0.253598928458653 
2 1 0 4.32103 2.81031 3.2576 0.401931 0.650379654850811 0.7538943261213182 0.09301740557228252 
2 2 0 6.28823 4.70362 4.13059 -0.596647 0.7480038102931985 0.6568764183243933 -0.09488313881648731 
2 3 0 8.55878 7.07311 4.18782 -2.38454 0.8264156807395446 0.4893010452424294 -0.2786074650826402 
2 4 0 10.4666 9.07955 2.78129 -4.40175 0.8674784552767851 0.26573003649704774 -0.4205520417327499 
2 5 0 11.3097 9.93908 0.236433 -5.39156 0.878810224851234 0.02090532905382106 -0.4767199837307798 
2 6 0 10.7923 9.41765 -2.42788 -4.67841 0.8726267802044051 -0.22496409477127213 -0.4334951771170187 
2 7 0 9.1542 7.70051 -4.12977 -2.72885 0.8411996679119967 -0.4511339057481812 -0.2980981407441393 
2 8 0 6.91493 5.32466 -4.35137 -0.728004 0.7700237023368277 -0.6292717352164086 -0.10528002452664018 
2 9 0 4.84535 3.23909 -3.57589 0.445726 0.6684945359984316 -0.7380044785206434 0.09199046508508157 
3 0 0 3.70672 1.63224 3.28662 0.523168 0.44034618206932274 0.8866652997798593 0.1411404152458238 
3 1 0 5.86048 3.09076 4.96193 -0.414379 0.5273902478977831 0.846676381456809 -0.07070734820356012 
3 2 0 8.96678 5.4165 6.52697 -2.9092 0.6040629969732725 0.7279056695937672 -0.32444199590042355 
3 3 0 12.3267 7.8814 6.32159 -7.06185 0.6393763132062921 0.5128371745884949 -0.5728905546496629 
3 4 0 14.5102 8.98031 3.63005 -10.8038 0.6188963625587518 0.25017229259417517 -0.7445658915797164 
3 5 0 15.0946 8.94644 0.126896 -12.1569 0.5926914260729003 0.008406714984166523 -0.8053807321823698 
3 6 0 14.6863 8.93843 -3.26685 -11.1857 0.6086236832966779 -0.2224420037722231 -0.7616418022238414 
3 7 0 12.9973 8.29296 -6.18657 -7.86651 0.638052518600017 -0.4759888592246082 -0.6052418579243382 
3 8 0 9.89948 6.11374 -6.93993 -3.52976 0.6175819335965121 -0.7010398525983182 -0.35656014255294216 
3 9 0 6.6617 3.61803 -5.56422 -0.572383 0.5431091162916373 -0.8352552651725536 -0.08592146148880916 
4 0 0 4.46742 1.29039 4.27113 0.224121 0.2888445680056946 0.9560618880696242 0.050167882133311845 
4 1 0 7.36519 2.57001 6.72631 -1.5485 0.34894008165437684 0.9132568202585405 -0.21024576419617144 
4 2 0 11.4879 4.50295 8.68441 -6.02296 0.39197329363939454 0.7559614899154763 -0.5242872935871656 
4 3 0 14.9555 5.63974 7.0973 -11.8949 0.37710140082243987 0.4745611982213901 -0.7953528802112935 
4 4 0 15.5567 4.63408 2.71037 -14.601 0.29788322716257304 0.17422525342778356 -0.9385666625955377 
4 5 0 14.7483 3.41728 -0.161913 -14.346 0.23170670517958 -0.010978417851548992 -0.9727222798559834 
4 6 0 15.1572 4.1134 -2.43393 -14.3839 0.2713825772570132 -0.16057913071015756 -0.9489813422004064 
4 7 0 15.2717 5.48025 -6.53794 -12.6667 0.35885002979367064 -0.42810820013489004 -0.8294230504789907 
4 8 0 12.5849 4.90323 -9.10266 -7.17489 0.3896121542483452 -0.7233001454123593 -0.5701189520774897 
4 9 0 8.43831 2.99208 -7.62168 -2.04024 0.3545828489353911 -0.9032235127649968 -0.2417830110531611 
5 0 0 4.93767 0.558543 4.90596 -0.0132926 0.11311873819028004 0.9935779426328614 -0.002692079462580529 
5 1 0 8.31094 1.13781 7.85335 -2.47023 0.13690509136150664 0.9449412461165644 -0.2972263065309098 
5 2 0 12.8855 1.93745 9.75186 -8.19658 0.15035893058088548 0.7568088161111327 -0.636108804470141 
5 3 0 15.6857 2.15972 6.52702 -14.0987 0.13768719279343605 0.4161127651300229 -0.8988250444672535 
5 4 0 14.1918 1.23509 1.1413 -14.0918 0.08702842486506292 0.08041967896954579 -0.9929536774757253 
5 5 0 11.8546 0.517971 -0.36297 -11.8377 0.043693671654885025 -0.030618494086683653 -0.9985743930626086 
5 6 0 13.2627 0.965049 -0.96062 -13.1926 0.0727641430477957 -0.07243019897909174 -0.9947145000640895 
5 7 0 15.5476 1.92816 -5.555 -14.3928 0.12401656847359079 -0.35728987110550825 -0.9257248707195966 
5 8 0 13.9661 1.9696 -9.96815 -9.58163 0.14102720158097107 -0.7137389822498764 -0.686063396366917 
5 9 0 9.52633 1.18983 -8.90042 -3.18085 0.12489909545438799 -0.9342968383417329 -0.3339008831312793 
6 0 0 4.94859 -0.385947 4.93327 -0.0491814 -0.07799130661461143 0.9969041686621846 -0.009938467320994465 
6 1 0 8.30661 -0.76101 7.87195 -2.54029 -0.09161499095298804 0.9476729977692465 -0.3058154891104795 
6 2 0 12.8707 -1.20874 9.75639 -8.30705 -0.09391408392705913 0.7580310317232163 -0.645423325848633 
6 3 0 15.6937 -1.06267 6.57723 -14.2093 -0.06771315878346088 0.4191000210275461 -0.9054142745178002 
6 4 0 14.3061 -0.13674 1.20658 -14.2545 -0.009558160504959423 0.08434024646828975 -0.9963931469792605 
6 5 0 12.0812 0.560741 -0.324698 -12.0638 0.04641434625699434 -0.026876303678442535 -0.9985597457206238 
6 6 0 13.47 0.172058 -1.01617 -13.4305 0.01277342242019302 -0.07543949517446176 -0.9970675575352635 
6 7 0 15.6577 -0.931308 -5.64152 -14.5763 -0.059479233859379095 -0.3603032373848011 -0.9309349393589097 
6 8 0 13.9941 -1.46323 -10.0075 -9.67173 -0.10456049335076927 -0.715122801752167 -0.6911291187000236 
6 9 0 9.53762 -1.0926 -8.91093 -3.21991 -0.11455688106676508 -0.9342928319643685 -0.3376009947974442 
7 0 0 4.47537 -1.17382 4.31683 0.126727 -0.2622844591620358 0.9645749960338476 0.028316541425625147 
7 1 0 7.34951 -2.28035 6.7607 -1.76302 -0.31027238550597247 0.9198844548820261 -0.23988265884392293 
7 2 0 11.4384 -3.89518 8.71336 -6.30411 -0.34053538956497414 0.7617638830605679 -0.5511356483424255 
7 3 0 14.9084 -4.70288 7.14123 -12.2126 -0.31545169166376 0.479007136916101 -0.8191757666818706 
7 4 0 15.6417 -3.61502 2.81369 -14.9559 -0.23111426507348945 0.17988390008758637 -0.9561556608297052 
7 5 0 15.0233 -2.47974 -0.066474 -14.8171 -0.1650596074098234 -0.004424726924177777 -0.9862746533717625 
7 6 0 15.4741 -3.23256 -2.51792 -14.9217 -0.20890132544057488 -0.16271834872464314 -0.9643016395137681 
7 7 0 15.4204 -4.73611 -6.70668 -13.0529 -0.30713275920209593 -0.4349225701019429 -0.8464696116832248 
7 8 0 12.5918 -4.52674 -9.15755 -7.36218 -0.35949903905716424 -0.7272629806699599 -0.5846805063612828 
7 9 0 8.42446 -2.90343 -7.60624 -2.16489 -0.34464286138221323 -0.9028756739304359 -0.2569767082994044 
8 0 0 3.72031 -1.5703 3.34872 0.401201 -0.42208848187382236 0.9001185385088878 0.10784074445409118 
8 1 0 5.84435 -2.91413 5.02165 -0.668836 -0.49862345684293374 0.8592315655291007 -0.11444146911119285 
8 2 0 8.93469 -5.06695 6.56872 -3.31763 -0.5671097710161181 0.7351928270594726 -0.37132010176066543 
8 3 0 12.2396 -7.24203 6.33774 -7.56265 -0.5916884538710415 0.5178061374554724 -0.6178837543710579 
8 4 0 14.4475 -8.19843 3.67418 -11.3144 -0.5674635750129781 0.2543125108150199 -0.7831389513756705 
8 5 0 15.1451 -8.21582 0.176159 -12.7218 -0.5424738034083632 0.011631418742695658 -0.8399944536516761 
8 6 0 14.785 -8.33949 -3.30414 -11.753 -0.5640507270882651 -0.2234792018938113 -0.7949272911734866 
8 7 0 13.048 -7.85284 -6.25724 -8.33248 -0.6018424279583078 -0.47955548743102394 -0.6386020846106684 
8 8 0 9.90398 -5.89452 -6.97397 -3.83499 -0.595166791532293 -0.7041583282680295 -0.3872170581927669 
8 9 0 6.65084 -3.56214 -5.56357 -0.769111 -0.5355924965868973 -0.836521401807892 -0.11564118216646319 
9 0 0 2.88902 -1.57228 2.34708 0.604655 -0.5442260697399118 0.8124138981384691 0.20929415511142188 
9 1 0 4.2592 -2.71901 3.27304 0.186924 -0.6383851427498122 0.7684635612321563 0.04388711495116454 
9 2 0 6.14871 -4.51039 4.08169 -0.896032 -0.7335506146817787 0.6638286730062077 -0.1457268272531962 
9 3 0 8.27979 -6.70969 4.04533 -2.67773 -0.8103695866682609 0.4885788166124986 -0.32340554530972404 
9 4 0 10.0788 -8.56368 2.65473 -4.60409 -0.8496725800690559 0.2633974282652697 -0.45680934238202964 
9 5 0 10.8891 -9.38885 0.19805 -5.51208 -0.862224609931032 0.01818791268332553 -0.5062016144584952 
9 6 0 10.4118 -8.93947 -2.37078 -4.78242 -0.8585902533663728 -0.22770126202962024 -0.4593269175358728 
9 7 0 8.85185 -7.36091 -4.00478 -2.85203 -0.8315674124618017 -0.4524229398374351 -0.32219592514559103 
9 8 0 6.71241 -5.15217 -4.20468 -0.912275 -0.7675588946443974 -0.62640392943816 -0.13590871237007274 
9 9 0 4.71824 -3.18633 -3.46969 0.265301 -0.6753217301366612 -0.735378022313405 0.05622880565634644 
