0 0 0 0.95982 -0.28603 -0.254526 -0.880146 -0.2980037923777375 -0.2651809714321435 -0.9169906857535788 
0 1 0 1.10985 -0.346091 -0.293092 -1.01296 -0.3118358336712168 -0.264082533675722 -0.9126999144028473 
0 2 0 1.20725 -0.410724 -0.313727 -1.09102 -0.340214537171257 -0.25986912404224477 -0.9037233381652517 
0 3 0 1.3359 -0.496659 -0.323937 -1.19709 -0.37177857624073657 -0.24248596451830223 -0.8960925218953514 
0 4 0 1.46338 -0.580523 -0.342068 -1.29903 -0.39670010523582394 -0.23375199879730488 -0.8876915086990392 
0 5 0 1.59914 -0.653584 -0.348433 -1.41727 -0.40870968145378145 -0.21788773966006728 -0.8862701201896019 
0 6 0 1.74537 -0.762739 -0.330934 -1.53461 -0.4370070529457937 -0.1896067882454723 -0.8792462343228084 
0 7 0 1.87573 -0.862787 -0.306138 -1.63715 -0.4599739834624386 -0.16321005688451964 -0.8728068538648954 
0 8 0 1.97717 -0.92873 -0.271925 -1.72416 -0.46972693293950446 -0.137532432719493 -0.8720342712058143 
0 9 0 2.0917 -1.02976 -0.211809 -1.8083 -0.49230769230769234 -0.1012616532007458 -0.8645121193287757 
0 10 0 2.13869 -1.0664 -0.145646 -1.84812 -0.49862298883896217 -0.06810056623447064 -0.8641364573640874 
0 11 0 2.18869 -1.1031 -0.0685028 -1.88914 -0.5040001096546336 -0.031298539308901675 -0.8631373104459746 
0 12 0 2.18208 -1.10337 0.0116234 -1.88253 -0.5056505719313682 0.005326752456371903 -0.8627227232732072 
0 13 0 2.12929 -1.05938 0.0984871 -1.84443 -0.49752734479568306 0.046253492948353674 -0.8662183169037566 
0 14 0 2.07861 -1.02323 0.154375 -1.80272 -0.4922664665329235 0.07426838127402448 -0.8672718788036237 
0 15 0 1.98885 -0.946843 0.209862 -1.73637 -0.47607562159036626 0.10551926992985897 -0.8730522663850969 
0 16 0 1.85675 -0.850101 0.271162 -1.62829 -0.4578435438265787 0.1460412010232934 -0.8769570486064361 
0 17 0 1.73925 -0.728463 0.283983 -1.5536 -0.41883742992669254 0.16327899956877964 -0.8932585884720426 
0 18 0 1.60534 -0.671363 0.298419 -1.42735 -0.4182061121008634 0.1858914622447581 -0.8891262910037748 
0 19 0 1.46371 -0.567356 0.308842 -1.31345 -0.38761503303249956 0.2109994466116922 -0.8973430529271509 
1 0 0 1.11185 -0.337921 -0.323985 -1.00849 -0.30392678868552414 -0.29139272383864734 -0.9070378198498 
1 1 0 1.25105 -0.418812 -0.361309 -1.12213 -0.3347683945485792 -0.2888046041325287 -0.8969505615283163 
1 2 0 1.40682 -0.484914 -0.39897 -1.2589 -0.3446880197893121 -0.28359704866294194 -0.8948550631921639 
1 3 0 1.56256 -0.592907 -0.429546 -1.38041 -0.37944590927708377 -0.2748988838828589 -0.8834284763465082 
1 4 0 1.75892 -0.702383 -0.447944 -1.54913 -0.39932629113319534 -0.2546699110818002 -0.8807279466945624 
1 5 0 1.94616 -0.8555 -0.474916 -1.68229 -0.43958359024951704 -0.24402721256217375 -0.8644150532330334 
1 6 0 2.1434 -0.993053 -0.458297 -1.84336 -0.46330736213492574 -0.21381776616590462 -0.8600167957450778 
1 7 0 2.32215 -1.13436 -0.442226 -1.97738 -0.48849557522123893 -0.1904381715220808 -0.8515298322675107 
1 8 0 2.47743 -1.26671 -0.37783 -2.09532 -0.511300016549408 -0.15250884989686894 -0.8457635533597316 
1 9 0 2.60905 -1.38389 -0.305973 -2.19052 -0.5304191180697956 -0.11727372031965659 -0.8395852896648205 
1 10 0 2.72364 -1.45224 -0.210056 -2.29458 -0.5331982200290787 -0.07712326151767487 -0.8424681675992421 
1 11 0 2.78156 -1.51306 -0.0979485 -2.33198 -0.5439609427803104 -0.03521351328031752 -0.838371273673766 
1 12 0 2.77929 -1.51457 0.0290966 -2.33017 -0.544948530020257 0.01046907663468008 -0.8384047724418826 
1 13 0 2.72332 -1.45474 0.143935 -2.29771 -0.5341788699087877 0.052852767945008296 -0.8437164931040053 
1 14 0 2.6131 -1.37035 0.238798 -2.21211 -0.5244154452565918 0.09138494508438254 -0.8465462477517125 
1 15 0 2.49114 -1.24198 0.319688 -2.13566 -0.49855889271578474 0.12833000152540605 -0.8573022792777604 
1 16 0 2.32865 -1.1051 0.376381 -2.01487 -0.4745668090953986 0.16163055847808816 -0.865252399458914 
1 17 0 2.11953 -0.964641 0.407975 -1.84266 -0.4551202389208928 0.19248371101140344 -0.8693719834114166 
1 18 0 1.93863 -0.822406 0.413957 -1.70604 -0.42422019673687084 0.2135306891980419 -0.8800235217653704 
1 19 0 1.73994 -0.688899 0.410337 -1.54416 -0.39593261836615057 0.23583399427566468 -0.88747887858202 
2 0 0 1.27902 -0.390874 -0.404655 -1.14864 -0.30560429078513235 -0.3163789463808228 -0.8980625791621711 
2 1 0 1.44578 -0.474888 -0.462387 -1.2849 -0.3284649116739753 -0.3198183679397972 -0.8887244255695886 
2 2 0 1.65056 -0.589236 -0.512819 -1.45401 -0.3569915664986429 -0.31069394629701436 -0.880919203179527 
2 3 0 1.8695 -0.718629 -0.567433 -1.62992 -0.38439636266381383 -0.3035212623696175 -0.8718480877239905 
2 4 0 2.13991 -0.908345 -0.614854 -1.83741 -0.42447813225789865 -0.2873270371183835 -0.8586389147207125 
2 5 0 2.39391 -1.08895 -0.653961 -2.02913 -0.45488343337886555 -0.27317693647630864 -0.8476216733294066 
2 6 0 2.654 -1.29874 -0.650195 -2.22132 -0.4893519216277317 -0.24498681235870384 -0.8369706103993971 
2 7 0 2.93541 -1.53265 -0.63567 -2.42148 -0.5221246776429869 -0.21655237258168364 -0.8249205392091734 
2 8 0 3.18911 -1.75056 -0.576737 -2.60256 -0.5489180366936229 -0.18084575320387195 -0.8160772127646898 
2 9 0 3.38405 -1.92333 -0.466931 -2.74492 -0.5683515314490034 -0.13797993528464414 -0.8111345872549165 
2 10 0 3.54157 -2.08987 -0.312309 -2.84211 -0.5900970473547043 -0.08818377160411908 -0.8025000211770486 
2 11 0 3.62709 -2.14933 -0.130864 -2.91873 -0.5925769694162538 -0.03607961203058099 -0.8047029436821254 
2 12 0 3.62703 -2.14711 0.0471028 -2.92285 -0.5919747010639559 0.012986603364185022 -0.8058521710600685 
2 13 0 3.54663 -2.05944 0.224274 -2.87871 -0.5806751761531369 0.06323580412955397 -0.8116747447576995 
2 14 0 3.37391 -1.91491 0.380122 -2.75171 -0.5675640429057088 0.11266512740410978 -0.8155848851925511 
2 15 0 3.16357 -1.70314 0.485309 -2.62144 -0.5383601437616364 0.15340548810362975 -0.8286334742079361 
2 16 0 2.91967 -1.49678 0.547242 -2.44636 -0.5126538273161008 0.18743282631256272 -0.8378892135070058 
2 17 0 2.65976 -1.27619 0.574396 -2.2618 -0.47981396817757993 0.21595783078172467 -0.850377477667158 
2 18 0 2.3813 -1.06227 0.579975 -2.0508 -0.4460882711124176 0.24355394112459583 -0.861210263301558 
2 19 0 2.12688 -0.872377 0.544062 -1.86187 -0.410167475362973 0.2558028661701648 -0.8753996464304521 
3 0 0 1.46993 -0.443878 -0.509616 -1.30536 -0.30197220275795444 -0.34669406026137295 -0.8880422877279871 
3 1 0 1.68883 -0.552201 -0.587192 -1.48406 -0.326972519436533 -0.3476915971412161 -0.8787503774802673 
3 2 0 1.96347 -0.713889 -0.6667 -1.70325 -0.3635853870952956 -0.3395519157410095 -0.8674693272624485 
3 3 0 2.25863 -0.903477 -0.76932 -1.92179 -0.4000110686566635 -0.340613557776174 -0.8508653475779565 
3 4 0 2.60489 -1.13361 -0.845927 -2.18742 -0.4351853629135971 -0.32474576661586474 -0.8397360349189409 
3 5 0 2.97852 -1.43572 -0.910714 -2.44559 -0.48202462968185544 -0.30576057907954285 -0.8210755677316252 
3 6 0 3.36739 -1.74507 -0.951776 -2.71812 -0.5182262820760292 -0.2826450158728273 -0.8071889504928149 
3 7 0 3.79384 -2.10775 -0.950361 -3.0079 -0.5555716635387892 -0.2505010754275352 -0.7928378634839635 
3 8 0 4.18011 -2.47938 -0.862197 -3.25309 -0.5931375011662372 -0.20626179693835808 -0.7782307164165536 
3 9 0 4.48533 -2.78383 -0.701829 -3.44615 -0.6206522151101479 -0.1564720990428798 -0.7683158206865491 
3 10 0 4.74247 -3.03724 -0.48672 -3.60961 -0.6404342041172638 -0.10263006408053187 -0.7611244773293242 
3 11 0 4.85721 -3.16306 -0.206443 -3.68035 -0.6512092332841282 -0.04250238305529305 -0.7577086434393406 
3 12 0 4.85842 -3.15344 0.0963982 -3.6947 -0.6490669806233302 0.019841471095541352 -0.7604735695967002 
3 13 0 4.72092 -3.00592 0.375358 -3.62087 -0.6367233505333707 0.07950950238512834 -0.7669839776992621 
3 14 0 4.47756 -2.74953 0.586854 -3.48485 -0.6140688231983491 0.13106558036073218 -0.7782921948561269 
3 15 0 4.13196 -2.40825 0.750026 -3.27275 -0.582834780588389 0.18151821411630314 -0.792057522338067 
3 16 0 3.75159 -2.05134 0.833812 -3.0284 -0.5467921601241074 0.22225563027942818 -0.8072310673607723 
3 17 0 3.3499 -1.70986 0.855097 -2.75083 -0.5104212066031821 0.25526045553598614 -0.8211677960536136 
3 18 0 2.96316 -1.3833 0.822051 -2.48817 -0.46683270562507595 0.277423763819706 -0.8397015348479328 
3 19 0 2.59028 -1.10454 0.761966 -2.21561 -0.4264172213042606 0.2941635653288448 -0.8553554055932177 
4 0 0 1.70459 -0.521126 -0.630265 -1.4956 -0.30571926386990417 -0.36974580397632273 -0.8773957373913962 
4 1 0 1.98162 -0.653648 -0.748646 -1.71438 -0.3298553708581867 -0.37779493545684845 -0.8651406425046174 
4 2 0 2.32796 -0.859417 -0.892004 -1.97107 -0.36917172116359387 -0.3831698139143284 -0.8466941012732178 
4 3 0 2.75173 -1.11777 -1.03569 -2.29128 -0.4062062775054239 -0.3763777696212928 -0.8326689028356707 
4 4 0 3.22412 -1.4563 -1.17199 -2.6269 -0.45168914308400426 -0.3635069414289791 -0.8147649591206283 
4 5 0 3.77343 -1.88198 -1.32911 -2.98837 -0.49874517348937175 -0.35222860898439884 -0.7919505595704704 
4 6 0 4.36053 -2.40094 -1.42363 -3.35008 -0.5506073802955145 -0.3264809552967185 -0.7682735814224418 
4 7 0 4.98 -2.98727 -1.43651 -3.71659 -0.5998534136546184 -0.28845582329317265 -0.7463032128514056 
4 8 0 5.60393 -3.60594 -1.34733 -4.07258 -0.6434662816987364 -0.24042591538438202 -0.7267364153370939 
4 9 0 6.12386 -4.15348 -1.12757 -4.35647 -0.6782454203721183 -0.18412733145434415 -0.7113928143360561 
4 10 0 6.52413 -4.60378 -0.779925 -4.55645 -0.7056542404887701 -0.11954467492217352 -0.6983996333610765 
4 11 0 6.75257 -4.8599 -0.301067 -4.67846 -0.7197111618243127 -0.04458554298585575 -0.6928413922402877 
4 12 0 6.74617 -4.85299 0.192978 -4.6821 -0.7193696571536146 0.0286055643424343 -0.6940382468867521 
4 13 0 6.50941 -4.55513 0.641659 -4.60559 -0.6997761701905396 0.09857406431612081 -0.7075280248133088 
4 14 0 6.09462 -4.09866 0.985215 -4.40167 -0.6725046024198391 0.16165322858521122 -0.7222222222222222 
4 15 0 5.54987 -3.51003 1.20757 -4.12583 -0.632452652044102 0.2175852767722487 -0.7434102060048252 
4 16 0 4.93507 -2.89521 1.30628 -3.77708 -0.5866603715854082 0.2646933072884478 -0.7653548987147093 
4 17 0 4.30457 -2.30463 1.27225 -3.40579 -0.5353914560571671 0.2955579767549372 -0.7912033025366064 
4 18 0 3.70755 -1.82455 1.19839 -2.99679 -0.49211743604266966 0.32322962603336436 -0.8082938867985596 
4 19 0 3.19856 -1.41691 1.06593 -2.66213 -0.4429837176729528 0.3332530888900005 -0.8322901555700064 
5 0 0 1.94273 -0.564176 -0.790714 -1.68246 -0.29040371024280265 -0.40701178238870045 -0.8660287327626587 
5 1 0 2.31838 -0.7461 -0.966523 -1.9708 -0.3218195464074052 -0.41689584968814436 -0.8500763464143066 
5 2 0 2.7977 -1.03247 -1.17285 -2.32068 -0.36904242770847484 -0.4192193587589806 -0.8294956571469421 
5 3 0 3.35708 -1.40691 -1.42003 -2.69706 -0.41908742121129083 -0.42299557949170113 -0.8033946167502711 
5 4 0 4.03511 -1.88206 -1.67401 -3.15241 -0.46642098976236085 -0.4148610570715544 -0.7812451209508539 
5 5 0 4.82933 -2.52836 -1.93909 -3.62902 -0.5235426032182519 -0.40152360679431726 -0.7514541354597843 
5 6 0 5.74112 -3.3511 -2.15839 -4.13182 -0.5837014380469316 -0.3759527757650075 -0.7196888412017168 
5 7 0 6.73218 -4.34704 -2.27696 -4.60879 -0.6457106019149815 -0.33822030902322875 -0.6845910240070824 
5 8 0 7.73497 -5.41851 -2.20738 -5.05934 -0.7005211397070706 -0.2853766724369972 -0.654086570471508 
5 9 0 8.66213 -6.47735 -1.88239 -5.43442 -0.7477779714689113 -0.21731260094226248 -0.627376869199608 
5 10 0 9.37273 -7.32134 -1.29466 -5.70701 -0.781132071445566 -0.13813051266813403 -0.6088951671498058 
5 11 0 9.73678 -7.78186 -0.486677 -5.83187 -0.7992231518017251 -0.049983362056039066 -0.5989526311573231 
5 12 0 9.73173 -7.75775 0.383023 -5.8632 -0.7971604226586639 0.03935816139576416 -0.6024828062430831 
5 13 0 9.29923 -7.21594 1.1745 -5.74686 -0.7759717740070953 0.12630077974197865 -0.617993102654736 
5 14 0 8.58551 -6.34513 1.74337 -5.51461 -0.7390510290011892 0.20305957363045413 -0.6423159486157491 
5 15 0 7.63835 -5.2451 2.04425 -5.16278 -0.6866797148598847 0.26762978915603497 -0.6759025182140121 
5 16 0 6.64289 -4.19704 2.09171 -4.70505 -0.631809348039784 0.3148795178002345 -0.7082835934359895 
5 17 0 5.6538 -3.21696 1.98358 -4.20499 -0.5689907672715695 0.35084014291273125 -0.7437457992854363 
5 18 0 4.75245 -2.42525 1.77302 -3.68244 -0.510315731885659 0.37307494029395366 -0.7748508663952278 
5 19 0 3.97081 -1.78778 1.52507 -3.20084 -0.45023055749330737 0.3840702526688509 -0.806092459724842 
6 0 0 2.23876 -0.614542 -0.980021 -1.91676 -0.2745010630884954 -0.43775170183494433 -0.8561703800318033 
6 1 0 2.72658 -0.864722 -1.23826 -2.27006 -0.3171452882365454 -0.45414401924755554 -0.8325668053018801 
6 2 0 3.32402 -1.22214 -1.55184 -2.67344 -0.3676692679346093 -0.4668563967725826 -0.8042791559617571 
6 3 0 4.09223 -1.72206 -1.93958 -3.16525 -0.42081212444070837 -0.4739665170335001 -0.773478030315989 
6 4 0 5.06131 -2.41658 -2.39177 -3.74919 -0.477461368697037 -0.47255947570885803 -0.7407548638593566 
6 5 0 6.26238 -3.42614 -2.90386 -4.36423 -0.5470987068814093 -0.463699104813186 -0.6968963876353719 
6 6 0 7.69434 -4.7612 -3.37693 -5.013 -0.6187925150175323 -0.438884946597109 -0.6515178689790156 
6 7 0 9.33986 -6.4633 -3.73473 -5.61341 -0.6920125141062072 -0.39987001946495987 -0.6010165034593666 
6 8 0 11.0818 -8.44678 -3.7668 -6.10491 -0.7622209388366512 -0.3399086790954538 -0.5508951614358679 
6 9 0 12.7438 -10.4779 -3.31648 -6.45132 -0.8221958913353945 -0.26024262778763 -0.5062320500949481 
6 10 0 14.0439 -12.1472 -2.2952 -6.66391 -0.8649449227066555 -0.16343038614629837 -0.4745056572604475 
6 11 0 14.7344 -13.081 -0.818165 -6.73208 -0.8877864046041914 -0.05552754099250733 -0.45689542838527525 
6 12 0 14.7092 -13.0164 0.822177 -6.80117 -0.8849155630489762 0.05589542599189624 -0.46237524814401876 
6 13 0 13.9142 -11.9381 2.23929 -6.78759 -0.8579796179442585 0.16093559097899987 -0.4878174814218568 
6 14 0 12.5678 -10.1787 3.16527 -6.65766 -0.8099030856633619 0.251855535575041 -0.5297394929900221 
6 15 0 10.8807 -8.1151 3.55211 -6.31808 -0.7458251766889998 0.32645969468876085 -0.5806685231648699 
6 16 0 9.16226 -6.18788 3.47951 -5.79225 -0.675366121459116 0.37976547271088135 -0.6321857271022652 
6 17 0 7.54483 -4.50969 3.12936 -5.17632 -0.5977192329051814 0.4147687886937148 -0.6860751004330117 
6 18 0 6.15312 -3.26234 2.67575 -4.47866 -0.5301928127519047 0.43486068856125015 -0.7278681384403358 
6 19 0 4.96647 -2.29922 2.1933 -3.81691 -0.46294853286136833 0.44162151387202575 -0.7685358010820562 
7 0 0 2.55193 -0.678643 -1.21122 -2.1412 -0.2659332348457834 -0.4746290062815202 -0.8390512278941821 
7 1 0 3.18605 -0.966263 -1.58034 -2.59226 -0.30327929567960327 -0.4960185810015537 -0.8136281602611385 
7 2 0 3.99572 -1.40421 -2.05455 -3.12614 -0.3514285285255223 -0.5141876808184758 -0.782372138187861 
7 3 0 5.04731 -2.09024 -2.67615 -3.73422 -0.41412950660847064 -0.5302131234261418 -0.7398435998581422 
7 4 0 6.4407 -3.11257 -3.46505 -4.44836 -0.4832657940907044 -0.5379927647615943 -0.6906640582545376 
7 5 0 8.26039 -4.6536 -4.41791 -5.20193 -0.5633632310338859 -0.5348306799073652 -0.6297438740785847 
7 6 0 10.5279 -6.82701 -5.41861 -5.90491 -0.6484683555124953 -0.5146904890813933 -0.5608820372533934 
7 7 0 13.296 -9.79706 -6.30623 -6.40557 -0.7368426594464501 -0.47429527677496996 -0.48176669675090256 
7 8 0 16.393 -13.4653 -6.65489 -6.56718 -0.8214054779479045 -0.40595925089977425 -0.40060879643750374 
7 9 0 19.4641 -17.3748 -6.07158 -6.3327 -0.8926587923407711 -0.3119373616041841 -0.3253528290545158 
7 10 0 21.9565 -20.7302 -4.24059 -5.86188 -0.9441486575729283 -0.19313597340195388 -0.26697697720492797 
7 11 0 23.3115 -22.6019 -1.4274 -5.52665 -0.9695600883684019 -0.06123158097934496 -0.2370782660918431 
7 12 0 23.2278 -22.4574 1.75731 -5.66631 -0.9668328468473123 0.07565546457262419 -0.24394518637150314 
7 13 0 21.7029 -20.3145 4.42934 -6.22232 -0.9360269825691497 0.20408977602071612 -0.2867045417893461 
7 14 0 19.1158 -16.8055 6.02919 -6.82914 -0.8791418617060232 0.3154034882139382 -0.3572510697956664 
7 15 0 16.011 -12.8412 6.43509 -7.07431 -0.8020236087689714 0.4019168071950534 -0.44184060958091315 
7 16 0 12.9623 -9.27178 5.95673 -6.82442 -0.7152881818813018 0.45954267375388624 -0.5264821829459277 
7 17 0 10.2501 -6.41316 5.04263 -6.20543 -0.6256680422630023 0.4919591028380211 -0.6054018985180633 
7 18 0 8.00622 -4.33529 4.06702 -5.36323 -0.5414902413373601 0.5079825435723725 -0.6698829160327844 
7 19 0 6.27117 -2.92504 3.17406 -4.54939 -0.4664265200911473 0.5061352187869249 -0.7254451721130188 
8 0 0 2.91648 -0.707909 -1.48997 -2.40514 -0.24272719168312487 -0.5108795534342769 -0.8246722075927144 
8 1 0 3.69002 -1.06659 -1.98752 -2.92034 -0.2890472138362393 -0.5386203868813719 -0.7914157646842023 
8 2 0 4.74195 -1.60746 -2.69892 -3.55218 -0.3389871255496157 -0.569158257678803 -0.7490968905197228 
8 3 0 6.17615 -2.47451 -3.66004 -4.31575 -0.4006557483221748 -0.592608663973511 -0.6987767460311036 
8 4 0 8.18172 -3.90009 -4.98249 -5.18698 -0.47668338686730904 -0.6089783077396929 -0.6339718298841808 
8 5 0 10.919 -6.18603 -6.73807 -5.96284 -0.5665381445187287 -0.6170958879018225 -0.546097627987911 
8 6 0 14.5673 -9.66724 -8.77992 -6.4548 -0.6636260666012233 -0.602714298462996 -0.44310201615948047 
8 7 0 19.2637 -14.7357 -10.7612 -6.17622 -0.7649465056038041 -0.558625809164387 -0.320614419867419 
8 8 0 24.7462 -21.1995 -11.8831 -4.66364 -0.8566769847491735 -0.4801989800454211 -0.18845883408361686 
8 9 0 30.3601 -28.2169 -11.0604 -1.79054 -0.9294073471431253 -0.3643071004377456 -0.05897674908844174 
8 10 0 34.868 -33.9891 -7.65132 1.40637 -0.9747935069404611 -0.21943673282092463 0.04033411724217047 
8 11 0 37.0818 -36.8597 -2.27507 3.35449 -0.9940105388627304 -0.061352739079548455 0.0904618977503789 
8 12 0 36.8576 -36.5645 3.56739 2.96525 -0.992047773050877 0.09678845068588297 0.0804515215315159 
8 13 0 34.2314 -33.147 8.53627 0.447377 -0.9683214826153764 0.24936958465035025 0.01306919962373727 
8 14 0 29.6228 -27.1717 11.3968 -3.05334 -0.9172563025777442 0.3847306804218372 -0.103073983553209 
8 15 0 24.0218 -20.1293 11.7328 -5.84778 -0.8379596866179887 0.48842301576068403 -0.24343637862275103 
8 16 0 18.6196 -13.8033 10.3077 -7.06481 -0.7413317149670241 0.5535940621710457 -0.3794286665664139 
8 17 0 14.076 -9.00415 8.21142 -7.04506 -0.6396810173344699 0.5833631713554988 -0.5005015629440182 
8 18 0 10.5444 -5.7229 6.22517 -6.29927 -0.5427430674101893 0.5903768825158379 -0.597404309396457 
8 19 0 7.9251 -3.62633 4.57522 -5.3595 -0.45757529873440084 0.5773075418606706 -0.6762690691600106 
9 0 0 3.28435 -0.716913 -1.79737 -2.65377 -0.2182815473381339 -0.547252881087582 -0.8080046280085863 
9 1 0 4.24708 -1.09171 -2.48373 -3.26756 -0.2570495493374271 -0.5848088569087466 -0.7693662469273006 
9 2 0 5.60919 -1.74943 -3.49876 -4.02009 -0.3118863864479542 -0.6237549450098856 -0.7166970632123354 
9 3 0 7.56809 -2.84657 -4.99338 -4.92332 -0.3761279265970674 -0.6597939506533353 -0.6505366611654989 
9 4 0 10.3875 -4.74414 -7.15689 -5.84566 -0.4567162454873646 -0.6889906137184115 -0.5627590854392298 
9 5 0 14.5222 -8.03237 -10.273 -6.39073 -0.5531097216675159 -0.7073997052788145 -0.44006624340664635 
9 6 0 20.3614 -13.3805 -14.1864 -5.856 -0.6571502941840934 -0.6967300873220899 -0.28760301354523754 
9 7 0 28.1251 -21.3283 -18.1228 -2.77274 -0.7583368592467227 -0.6443639311504671 -0.09858596058325127 
9 8 0 37.1265 -30.9404 -20.1273 3.99483 -0.8333777759821152 -0.542127590804412 0.10760050098985899 
9 9 0 45.5196 -39.4761 -17.8878 13.9175 -0.8672330161073473 -0.39296918250599744 0.30574741430065294 
9 10 0 51.0223 -44.2995 -11.175 22.7145 -0.8682380057347474 -0.21902187866873898 0.4451876924403643 
9 11 0 53.1935 -45.8024 -2.67333 26.9173 -0.8610525722127703 -0.05025670429657759 0.5060261122129583 
9 12 0 52.8534 -45.5796 5.75934 26.1307 -0.8623778224295883 0.10896820261326613 0.4943996034313781 
9 13 0 50.056 -43.521 13.6727 20.6054 -0.8694462202333387 0.27314807415694425 0.4116469554099409 
9 14 0 44.2381 -38.2373 19.2855 11.09 -0.864352221275326 0.43594774639959666 0.2506888858246624 
9 15 0 35.8188 -29.3912 20.4305 1.31979 -0.8205523356449685 0.5703848258456452 0.036846293008140976 
9 16 0 26.983 -19.8531 17.6353 -4.78861 -0.7357632583478487 0.6535707667790831 -0.17746766482600157 
9 17 0 19.444 -12.2548 13.3409 -7.06458 -0.6302612631145855 0.6861191112939724 -0.3633295618185559 
9 18 0 13.8688 -7.28611 9.48648 -7.01883 -0.5253598004153207 0.6840159206275958 -0.5060877653437933 
9 19 0 9.97001 -4.32873 6.55499 -6.13965 -0.4341750910982035 0.657470754793626 -0.6158118196471216 
10 0 0 3.65075 -0.681653 -2.13028 -2.88535 -0.18671588029856878 -0.5835184551119633 -0.790344449770595 
10 1 0 4.83144 -1.07967 -3.01877 -3.61444 -0.2234675376285331 -0.6248178596857252 -0.7481082244631001 
10 2 0 6.52975 -1.78995 -4.39711 -4.48321 -0.2741222864581339 -0.673396378115548 -0.6865821815536582 
10 3 0 9.08597 -3.07686 -6.58284 -5.45472 -0.3386385823417863 -0.724506024122906 -0.6003453676382379 
10 4 0 12.9607 -5.40457 -9.96281 -6.286 -0.41699676714992245 -0.7686938205498159 -0.4850046679577492 
10 5 0 19.0151 -9.74105 -15.1673 -6.05311 -0.5122797145426529 -0.7976450294765738 -0.3183317468748521 
10 6 0 27.8684 -17.0327 -21.8794 -2.79757 -0.6111832756814168 -0.7850970992234932 -0.10038502389803504 
10 7 0 39.358 -27.1964 -27.6581 6.66608 -0.6910005589714925 -0.7027313379744906 0.16937039483713603 
10 8 0 50.4526 -35.8212 -27.7544 22.1812 -0.7099971061947253 -0.5501084185948792 0.4396443394393946 
10 9 0 57.6148 -38.4594 -20.6595 37.5969 -0.6675263994668037 -0.3585797399279352 0.6525562876205419 
10 10 0 60.3925 -36.6706 -10.6509 46.7876 -0.6072045369872087 -0.17636130314194645 0.7747253384112266 
10 11 0 60.8018 -34.5556 -1.83782 49.9939 -0.5683318585962915 -0.030226407770822576 0.8222437493626833 
10 12 0 60.5807 -34.7104 5.94163 49.2941 -0.572961355679284 0.09807793571219876 0.8136931398943889 
10 13 0 59.6054 -36.8407 14.5325 44.5463 -0.6180765501112315 0.24381180228637003 0.7473534277095699 
10 14 0 56.4185 -38.1832 23.6667 34.1319 -0.6767850970869485 0.4194847434795324 0.6049770908478602 
10 15 0 48.9512 -34.6426 29.5508 17.9684 -0.7076966448217817 0.6036787657912369 0.36706761019137424 
10 16 0 37.59 -25.3115 27.6507 2.78856 -0.6733572758712423 0.7355865921787709 0.07418355945730247 
10 17 0 26.3771 -15.4731 20.7324 -5.14831 -0.5866111134279356 0.785999977252996 -0.1951810471962422 
10 18 0 17.9834 -8.71732 13.9994 -7.17122 -0.484742595949598 0.7784623597317526 -0.39876886461959365 
10 19 0 12.3462 -4.83717 9.12436 -6.76577 -0.3917942362832289 0.7390419724287635 -0.5480042442208939 
11 0 0 3.99616 -0.570362 -2.44769 -3.1069 -0.14272751841768097 -0.6125105100896862 -0.7774713725176169 
11 1 0 5.37532 -0.964978 -3.5723 -3.89893 -0.1795201029892174 -0.6645743881294508 -0.7253391425998824 
11 2 0 7.44748 -1.63744 -5.38641 -4.87549 -0.21986497446116002 -0.7232526975567575 -0.6546496264508264 
11 3 0 10.6798 -2.99703 -8.40787 -5.86383 -0.2806260416861739 -0.7872684881739359 -0.5490580347946591 
11 4 0 15.8231 -5.56244 -13.3629 -6.39253 -0.3515392053390296 -0.8445184571923328 -0.4039998483230214 
11 5 0 24.2384 -10.5639 -21.3524 -4.4699 -0.43583322331507035 -0.8809327348339825 -0.18441398772196185 
11 6 0 36.5918 -18.8311 -31.1189 3.99557 -0.5146262277340825 -0.8504337037259714 0.10919304325012708 
11 7 0 50.3983 -27.4999 -35.6693 22.615 -0.5456513414142937 -0.7077480788042454 0.44872545304107475 
11 8 0 58.9661 -29.517 -28.6041 42.2795 -0.5005757545437124 -0.48509397772618507 0.717013673958427 
11 9 0 61.129 -24.3963 -15.9183 53.7418 -0.39909535572314286 -0.2604050450686254 0.8791539203978471 
11 10 0 59.5486 -16.3776 -5.13723 57.0212 -0.27502913586549477 -0.08626953446428631 0.9575573565121598 
11 11 0 57.3431 -10.6279 0.261759 56.349 -0.18533877659212705 0.004564786347441977 0.9826639996791243 
11 12 0 57.4746 -11.1805 3.16978 56.2875 -0.19452940951307185 0.05515097103764097 0.9793456587779645 
11 13 0 59.6254 -17.6361 9.28235 56.196 -0.29578166351923846 0.15567778161655937 0.9424842432922882 
11 14 0 60.7924 -25.2392 20.3537 51.424 -0.41517031734229937 0.3348066534632618 0.8458952105855337 
11 15 0 57.839 -29.3354 32.4682 37.8232 -0.5071906499075018 0.5613547952073861 0.6539393834609866 
11 16 0 48.3178 -26.0614 37.0702 16.7695 -0.5393747231869 0.7672162225929161 0.34706671247449183 
11 17 0 34.4474 -17.0242 29.9464 -0.114267 -0.49420856145891995 0.8693370181784401 -0.003317144399867624 
11 18 0 22.6967 -9.29286 19.6953 -6.39376 -0.4094366141333321 0.8677605114399891 -0.2817043887437381 
11 19 0 14.9993 -4.89082 12.2295 -7.17629 -0.32606988326121883 0.8153380491089585 -0.4784416606108285 
12 0 0 4.29197 -0.422881 -2.72426 -3.28947 -0.09852841469068982 -0.6347341663618339 -0.7664242760317523 
12 1 0 5.84477 -0.733133 -4.06153 -4.13858 -0.125434020500379 -0.6948998848543229 -0.708082610607432 
12 2 0 8.24871 -1.32509 -6.30792 -5.14738 -0.1606420882780459 -0.7647159374011209 -0.6240224229000655 
12 3 0 12.1398 -2.50107 -10.1776 -6.12666 -0.20602233974200565 -0.8383663651789981 -0.5046755300746306 
12 4 0 18.5506 -4.90225 -16.8233 -6.08838 -0.2642636895841644 -0.9068871087727621 -0.3282039394952185 
12 5 0 29.2073 -9.59074 -27.5289 -1.80096 -0.32836790802299426 -0.9425349142166514 -0.06166129700451599 
12 6 0 44.1536 -16.5577 -38.8218 12.9714 -0.3750022648209886 -0.8792442745325411 0.2937789897086534 
12 7 0 57.0043 -20.8724 -37.91 37.1035 -0.36615483393358045 -0.6650375497988747 0.650889494301307 
12 8 0 61.1102 -17.8526 -23.3411 53.5811 -0.29213781005462264 -0.3819509672689666 0.8767947085756551 
12 9 0 57.6516 -8.38011 -6.06821 56.7155 -0.1453578044668318 -0.10525657570648515 0.9837628097051946 
12 10 0 49.331 3.66018 4.21784 49.0139 0.07419634712452615 0.08550080071354725 0.9935719932699519 
12 11 0 42.4589 11.0153 3.16746 40.8826 0.2594344177545815 0.0746006137700223 0.9628746858726909 
12 12 0 43.1882 10.2951 -2.01994 41.8945 0.23837761240338795 -0.04677064568562709 0.9700450586039705 
12 13 0 50.8594 1.74013 -0.957945 50.8206 0.034214520816210965 -0.018835161248461445 0.9992371125101751 
12 14 0 58.4894 -9.98928 11.321 56.5071 -0.17078786925494194 0.1935564392864348 0.9661083888704619 
12 15 0 60.6327 -18.3244 28.7456 50.1421 -0.3022197593047976 0.4740940119770355 0.8269811504353262 
12 16 0 55.2355 -20.232 41.1236 30.8297 -0.3662861746521711 0.7445139448362014 0.558150102741896 
12 17 0 41.6917 -15.044 38.2037 7.23572 -0.3608392078039514 0.9163382639710063 0.17355300935198134 
12 18 0 27.1911 -8.21048 25.4889 -4.71792 -0.3019546837016524 0.937398634111897 -0.17350971457572517 
12 19 0 17.4254 -4.12307 15.3083 -7.23176 -0.23661264590769798 0.8785049410630459 -0.4150125678607091 
13 0 0 4.48984 -0.224097 -2.9204 -3.40289 -0.049912023591041105 -0.6504463410722876 -0.7579089678028617 
13 1 0 6.17726 -0.393992 -4.42675 -4.29035 -0.06378102912941984 -0.7166203138608379 -0.6945393264975086 
13 2 0 8.86154 -0.773158 -7.00945 -5.36625 -0.0872487174915421 -0.790996824479718 -0.6055663011169616 
13 3 0 13.2394 -1.56111 -11.5795 -6.22588 -0.11791395380455308 -0.874624227684034 -0.4702539390002568 
13 4 0 20.6501 -3.21947 -19.6037 -5.63531 -0.15590578253858337 -0.9493271219025574 -0.27289504651309193 
13 5 0 33.0049 -6.52755 -32.3362 1.04221 -0.19777517883708176 -0.9797393720326375 0.031577432441849546 
13 6 0 48.995 -10.8271 -43.1425 20.5428 -0.22098377385447496 -0.8805490356158792 0.41928360036738443 
13 7 0 59.7414 -12.04 -36.5944 45.6609 -0.20153528373958426 -0.612546743129555 0.7643091725336199 
13 8 0 60.0087 -8.05645 -16.1987 57.2166 -0.13425469973520507 -0.2699391921504715 0.9534717465967435 
13 9 0 50.1977 0.906123 5.22778 49.9166 0.018051086005932544 0.10414381535408994 0.994400141839168 
13 10 0 34.0879 9.82855 12.3211 30.2254 0.288329583224546 0.361450837393914 0.886689998503868 
13 11 0 22.8268 13.267 4.84471 17.9326 0.5812027967126361 0.21223780819037275 0.785594126202534 
13 12 0 24.0487 12.8594 -5.83819 19.4652 0.5347232906560438 -0.24276530540112354 0.809407577124751 
13 13 0 36.9026 8.43464 -10.9213 34.2255 0.22856492496463665 -0.29594933690309083 0.9274549760721466 
13 14 0 52.3879 -0.772729 0.258473 52.3816 -0.014750142685620152 0.0049338301401659545 0.9998797432231488 
13 15 0 60.1865 -8.66579 22.7144 55.0579 -0.1439822883869306 0.37740024756382246 0.9147882000116304 
13 16 0 58.3638 -11.4848 41.0057 39.912 -0.19677951058704196 0.7025879055167757 0.6838485499573366 
13 17 0 46.6436 -9.40835 43.4794 14.0231 -0.2017072009879169 0.9321621830218937 0.3006436038384687 
13 18 0 30.6768 -5.15487 30.1112 -2.79462 -0.1680380613362541 0.9815626140927346 -0.09109881082772649 
13 19 0 19.334 -2.44231 17.81 -7.11648 -0.12632202337850418 0.9211751318920037 -0.3680811006517017 
14 0 0 4.56733 0.019943 -3.00598 -3.43863 0.004366446041779332 -0.658148195991969 -0.752875312272159 
14 1 0 6.34374 0.0179563 -4.59446 -4.37421 0.002830554215651966 -0.7242509938931923 -0.6895317273406538 
14 2 0 9.12748 -0.0392516 -7.34231 -5.42216 -0.004300376445634501 -0.8044180869199384 -0.5940478642516883 
14 3 0 13.7935 -0.222192 -12.2991 -6.24056 -0.016108456881864647 -0.8916591148004495 -0.45242759270670974 
14 4 0 21.7496 -0.704329 -21.1019 -5.22109 -0.03238353808805679 -0.9702201419796226 -0.24005452973847796 
14 5 0 34.9939 -1.82749 -34.8213 2.95198 -0.052223101740589084 -0.9950677118011998 0.08435698793218246 
14 6 0 51.3049 -3.4652 -44.6431 25.0437 -0.06754130697067921 -0.8701527534407044 0.4881346616015234 
14 7 0 60.445 -3.79289 -34.8222 49.2608 -0.06274944164116139 -0.5760972785176607 0.8149689800645216 
14 8 0 58.4881 -2.47673 -11.603 57.2721 -0.04234587890528158 -0.19838223501874738 0.979209446024063 
14 9 0 44.6633 0.2839 11.3725 43.1902 0.006356449254757261 0.25462740102052467 0.9670176632716346 
14 10 0 24.5546 2.53883 15.0704 19.2188 0.10339529049546724 0.6137505803393254 0.7826965212220929 
14 11 0 9.5389 3.12034 5.08227 7.44477 0.327117382507417 0.5327941376888321 0.7804642044680205 
14 12 0 11.6835 2.82417 -6.93755 8.96653 0.241722942611375 -0.5937903881542346 0.7674523901228228 
14 13 0 28.2587 1.7076 -14.8838 23.9606 0.060427408196413845 -0.5266979726597473 0.8479017081465177 
14 14 0 47.9595 -0.718452 -6.11983 47.562 -0.014980389703812592 -0.12760412431322263 0.9917117567947956 
14 15 0 59.3224 -2.67361 18.9178 56.1615 -0.04506914757326069 0.31889808908607875 0.9467165859776407 
14 16 0 59.2714 -2.94259 40.2087 43.4478 -0.04964603501857557 0.678382828817946 0.7330314451826682 
14 17 0 48.6805 -1.94164 45.4435 17.3467 -0.03988537504750362 0.9335052022883906 0.3563377533098468 
14 18 0 32.3517 -0.64561 32.3011 -1.69047 -0.019955983765922655 0.9984359399969707 -0.052252895520173585 
14 19 0 20.2016 -0.082672 18.9588 -6.97587 -0.004092349120861714 0.9384801203865041 -0.3453127475051481 
15 0 0 4.535 0.268824 -2.95475 -3.42979 0.05927761852260199 -0.6515435501653803 -0.7562932745314223 
15 1 0 6.28068 0.422047 -4.52503 -4.33508 0.06719766012597361 -0.7204681658673902 -0.6902246253590375 
15 2 0 9.04191 0.707632 -7.22746 -5.38694 0.07826134080078215 -0.79932890285349 -0.5957745653296704 
15 3 0 13.618 1.2152 -12.0602 -6.20678 0.08923483624614481 -0.8856072844764282 -0.45577764723160524 
15 4 0 21.4643 2.05561 -20.7029 -5.28014 0.09576878817385147 -0.9645271450734475 -0.24599637537678842 
15 5 0 34.5075 3.60779 -34.2134 2.68193 0.10455089473302905 -0.9914772150981671 0.07772020575237266 
15 6 0 50.7939 5.01529 -44.2243 24.4762 0.0987380374415038 -0.8706616345663554 0.4818728233114606 
15 7 0 60.1396 4.55886 -35.0801 48.6352 0.07580462789908812 -0.5833111626947968 0.808705079514995 
15 8 0 58.8186 1.7108 -12.9559 57.3485 0.029086037409934953 -0.22026875852196412 0.9750062055200226 
15 9 0 46.2585 -3.44597 9.39133 45.1639 -0.07449376871277712 0.20301847228077002 0.9763373217895089 
15 10 0 27.3368 -7.52944 14.1911 22.1183 -0.2754323841854204 0.5191207456615259 0.8091034795586901 
15 11 0 14.3905 -8.91529 4.8809 10.1873 -0.6195260762308468 0.33917515027274936 0.7079184184010285 
15 12 0 16.4246 -9.12352 -6.71125 11.8949 -0.5554789766569657 -0.4086096465058509 0.7242124617951121 
15 13 0 31.459 -7.8801 -13.7401 27.1806 -0.2504879366794876 -0.4367621348421755 0.8640007628977399 
15 14 0 49.8345 -3.28626 -3.92774 49.5706 -0.06594347289528339 -0.07881567990047056 0.9947044718016635 
15 15 0 59.8945 2.27591 20.4737 56.2405 0.0379986476220688 0.3418293833323594 0.9389927288816168 
15 16 0 59.1405 5.57714 40.6516 42.5904 0.09430322706098189 0.6873732890320507 0.7201562381109392 
15 17 0 48.134 6.01526 44.8618 16.3742 0.1249690447500727 0.9320189471059958 0.3401794988989072 
15 18 0 31.8469 4.16111 31.5034 -2.10843 0.13065981304302773 0.9892140208309128 -0.06620518794607952 
15 19 0 19.9214 2.41949 18.4595 -7.08899 0.12145180559599227 0.9266166032507756 -0.355847982571506 
16 0 0 4.37523 0.512988 -2.78404 -3.33595 0.11724823609273112 -0.6363185478249144 -0.7624627733856277 
16 1 0 6.04233 0.824845 -4.2364 -4.22874 0.13651108099028025 -0.7011202632097221 -0.6998525403279862 
16 2 0 8.599 1.34166 -6.67823 -5.24822 0.15602511919990697 -0.7766286777532271 -0.6103291080358181 
16 3 0 12.7845 2.38746 -10.9646 -6.12546 0.1867464507802417 -0.8576479330439205 -0.47913176111697764 
16 4 0 19.8771 4.40114 -18.5353 -5.6722 0.22141761122095277 -0.9324951828989139 -0.28536355907048816 
16 5 0 31.623 8.1425 -30.5546 0.355678 0.25748663947127093 -0.9662144641558359 0.0112474464788287 
16 6 0 47.3157 12.8046 -41.5313 18.7074 0.2706205339876616 -0.8777488233292544 0.3953740513191182 
16 7 0 58.4951 13.7945 -36.8727 43.2642 0.23582317151351137 -0.6303553630987895 0.7396209255134191 
16 8 0 60.1438 9.13619 -19.2852 56.2306 0.15190576584785132 -0.3206515052258088 0.9349359368712985 
16 9 0 53.3371 -0.573286 0.0898085 53.3339 -0.010748353397541297 0.0016837904572989532 0.9999400042372008 
16 10 0 40.7251 -11.1764 8.8364 38.1515 -0.27443517634088066 0.21697675389379031 0.9368055572607557 
16 11 0 31.8225 -16.314 3.90695 27.0418 -0.5126561395239218 0.12277319506638384 0.8497698169534134 
16 12 0 33.4823 -16.0845 -4.68166 28.9902 -0.48038814537830427 -0.13982492242169742 0.8658365763403351 
16 13 0 44.4367 -10.2426 -6.83731 42.6961 -0.23049866439227032 -0.1538662862003704 0.9608296745707939 
16 14 0 56.3277 0.841177 5.71354 56.0309 0.014933629457620317 0.10143393037528604 0.9947308340301486 
16 15 0 61.1872 10.4273 26.2547 54.2756 0.17041636159196696 0.42908810993148894 0.8870417342189216 
16 16 0 57.4298 14.8013 41.7087 36.599 0.25772856600580185 0.7262553587162066 0.6372823864962093 
16 17 0 44.7014 13.0304 41.312 11.0341 0.29149870026442126 0.9241768714178974 0.2468401437091456 
16 18 0 29.186 7.99818 27.8112 -3.79353 0.2740416638114164 0.9528952237374083 -0.12997772904817378 
16 19 0 18.478 4.37755 16.4218 -7.25244 0.23690605043835913 0.8887217231302089 -0.3924905292780604 
17 0 0 4.14576 0.680161 -2.53805 -3.20672 0.16406183667168384 -0.6122037937555479 -0.7734938829068735 
17 1 0 5.61813 1.07784 -3.77264 -4.02105 0.1918503131825002 -0.671511695172593 -0.7157274751563243 
17 2 0 7.86918 1.81344 -5.80858 -4.98957 0.23044840758503427 -0.7381429831316605 -0.6340647945529266 
17 3 0 11.4653 3.15299 -9.27317 -5.95977 0.27500283464017516 -0.8088030840885106 -0.5198093377408354 
17 4 0 17.3445 5.71849 -15.1984 -6.09422 0.32970048142062325 -0.8762662515494826 -0.35136325636368876 
17 5 0 26.9494 10.5757 -24.6358 -2.73885 0.3924280317929156 -0.9141502222683993 -0.10162934981854882 
17 6 0 40.7707 17.8184 -35.4053 9.55067 0.4370393444311724 -0.8684005916013215 0.23425327502348503 
17 7 0 54.0113 22.9369 -37.1664 31.777 0.4246685415829651 -0.6881226706263319 0.5883398474023029 
17 8 0 60.0112 20.7908 -26.1496 49.8526 0.34644866291625565 -0.43574532753885936 0.8307215986349215 
17 9 0 59.5911 12.7799 -11.6124 57.0344 0.21445987739779934 -0.194868025594426 0.9570959421792852 
17 10 0 55.324 2.03904 -1.21254 55.2731 0.036856337213505896 -0.021917070349215532 0.999079965295351 
17 11 0 51.6293 -5.1682 1.18591 51.3563 -0.10010207382242253 0.022969709060552825 0.9947123048346578 
17 12 0 52.5987 -4.30498 0.36195 52.421 -0.08184574903942492 0.00688134877858198 0.996621589506965 
17 13 0 57.479 4.07418 4.60967 57.1489 0.07088119139163869 0.08019746342142349 0.9942570330033578 
17 14 0 61.4579 14.7974 16.871 57.2144 0.24077295189064382 0.2745131219908262 0.9309527334972395 
17 15 0 60.5601 22.3335 31.8605 46.4074 0.3687824161452838 0.5260972158236198 0.7663032260514762 
17 16 0 52.6932 23.3963 40.1527 24.8385 0.44400985326379877 0.7620091396992402 0.47137960875407076 
17 17 0 38.4117 17.1749 34.1817 3.47774 0.44712678689045265 0.8898773030092393 0.09053855986587418 
17 18 0 25.0257 9.92161 22.249 -5.72979 0.39645684236604767 0.8890460606496521 -0.22895623299248374 
17 19 0 16.2227 5.45263 13.4232 -7.29815 0.3361111282338945 0.8274331646396715 -0.4498727092284268 
18 0 0 3.82042 0.79665 -2.21605 -3.00834 0.20852419367504096 -0.580054025473639 -0.7874369833683208 
18 1 0 5.09364 1.22997 -3.21429 -3.75508 0.24147171767144912 -0.6310398850331002 -0.7372095397397539 
18 2 0 7.00391 2.00225 -4.81811 -4.67243 0.2858760321020687 -0.687917177690747 -0.667117367299123 
18 3 0 9.91217 3.40411 -7.40136 -5.6465 0.3434273221706246 -0.7466942152929178 -0.5696532646231854 
18 4 0 14.4792 5.96205 -11.6127 -6.26475 0.41176653406265534 -0.8020263550472402 -0.43267238521465273 
18 5 0 21.6808 10.7022 -18.1541 -5.09403 0.4936256964687649 -0.8373353381794029 -0.2349558134386185 
18 6 0 32.3257 18.4176 -26.5499 0.920754 0.5697510030718593 -0.8213248282326447 0.028483652326167726 
18 7 0 45.1923 27.5164 -32.2783 15.5983 0.6088736355529593 -0.7142433556158903 0.3451539310900308 
18 8 0 55.1916 31.8642 -29.0371 34.4621 0.5773378557606592 -0.5261144811891665 0.6244084244703904 
18 9 0 59.9107 29.6052 -19.2296 48.405 0.49415546805495514 -0.3209710452389974 0.8079525026414314 
18 10 0 61.1797 24.3293 -9.19999 55.3751 0.3976694884087369 -0.15037651377826305 0.905122123841732 
18 11 0 61.2843 20.5023 -1.63546 57.73 0.3345440838844533 -0.026686443346827814 0.9420030905142099 
18 12 0 61.5832 21.3212 4.8014 57.5747 0.34621779965964744 0.07796606866807831 0.9349091960144975 
18 13 0 62.0084 26.3213 12.8387 54.6571 0.42447958663664925 0.20704775482031465 0.881446707220312 
18 14 0 60.7479 31.6477 23.3038 46.3212 0.5209678030022437 0.38361490685274713 0.7625152474406522 
18 15 0 55.0751 32.9624 32.4287 29.9186 0.5984991402648384 0.5888087357081512 0.5432327857779651 
18 16 0 43.688 27.0172 32.8893 9.84887 0.6184123786852225 0.7528222852957334 0.22543650430324114 
18 17 0 30.5489 17.3573 24.9669 -2.93411 0.568180851029006 0.8172765631495733 -0.0960463388207104 
18 18 0 20.2672 9.91612 16.2415 -6.97464 0.4892693613325965 0.801368713981211 -0.3441343648851346 
18 19 0 13.6305 5.6122 10.2297 -7.04608 0.41173838083709324 0.7505007153075822 -0.516934815303914 
19 0 0 3.45122 0.837343 -1.87081 -2.77666 0.24262231906398316 -0.5420720788590702 -0.8045444799230417 
19 1 0 4.52782 1.26637 -2.64179 -3.4523 0.27968647163535654 -0.583457381256322 -0.7624640555499115 
19 2 0 6.03975 1.9828 -3.79587 -4.25893 0.3282917339293845 -0.6284813113125544 -0.7051500476013081 
19 3 0 8.28967 3.25728 -5.62109 -5.14899 0.392932408648354 -0.6780836872879138 -0.6211332899862119 
19 4 0 11.6632 5.44154 -8.35963 -6.04447 0.46655634817202823 -0.7167526922285479 -0.5182514232800604 
19 5 0 16.712 9.31845 -12.4248 -6.17116 0.5575903542364768 -0.7434657730971757 -0.3692651986596458 
19 6 0 23.9694 15.5996 -17.6803 -4.31167 0.6508131200614117 -0.7376196316970804 -0.17988226655652625 
19 7 0 33.6129 24.6255 -22.7972 1.92429 0.7326205117678033 -0.6782277042445013 0.0572485563578269 
19 8 0 43.9596 33.9592 -24.4099 13.5416 0.7725093039973067 -0.5552803028235016 0.30804647903984567 
19 9 0 52.1335 39.634 -20.2409 27.1542 0.760240536315421 -0.3882513163321089 0.5208589486606501 
19 10 0 56.9257 41.0893 -12.2299 37.4518 0.7218057924628069 -0.21483969454921065 0.6579067099745809 
19 11 0 59.0296 40.9959 -2.95657 42.3685 0.6944973369292693 -0.05008622792632849 0.7177500779270061 
19 12 0 59.055 41.6042 6.43502 41.4147 0.704499195665058 0.10896655659977986 0.7012903225806453 
19 13 0 56.907 42.3786 15.1625 34.8218 0.7446992461384364 0.26644349552779095 0.6119071467482033 
19 14 0 51.9318 40.6738 22.2857 23.3644 0.783215679025183 0.42913397956550703 0.4499054529209463 
19 15 0 43.1909 33.87 25.159 9.23567 0.7841929665739773 0.582506963272356 0.21383370108055172 
19 16 0 32.3503 23.625 22.0415 -1.60506 0.7302868906934403 0.6813383492579668 -0.04961499584238786 
19 17 0 22.8014 14.6326 16.2779 -6.38907 0.6417412965870517 0.7138991465436332 -0.2802051628408782 
19 18 0 15.7653 8.63138 11.0398 -7.22266 0.5474922773432792 0.7002594305214617 -0.45813654037665 
19 19 0 11.065 5.10612 7.35654 -6.49947 0.4614658834161771 0.6648477180298238 -0.5873899683687303 
