0 0 0 44.0629 0.0657205 0.045691 -44.0629 0.001491515538014974 0.001036949451806395 -1.0 
0 0 1 37.8314 -0.127501 0.626035 -37.826 -0.003370242708437964 0.01654802624275073 -0.9998572614283373 
0 0 2 29.6254 -0.398279 1.1565 -29.6002 -0.013443835357497283 0.03903744759564428 -0.9991493785737915 
0 0 3 19.7155 -0.560302 1.74668 -19.63 -0.02841936547386574 0.08859425325251706 -0.9956633105931881 
0 0 4 9.21104 -0.788996 2.26283 -8.89383 -0.08565764560787924 0.2456649846271431 -0.9655619778005523 
0 0 5 3.87605 -0.984033 2.67275 2.62904 -0.2538752080081526 0.6895550882986545 0.6782781439867905 
0 0 6 14.3304 -1.02928 2.99026 13.9771 -0.07182493161391168 0.20866549433372414 0.975346117344945 
0 0 7 24.8874 -1.17996 3.14377 24.6599 -0.047411943393042257 0.12631974412755048 0.9908588281620418 
0 0 8 36.1282 -1.24779 3.25332 35.9598 -0.03453784024667711 0.09004932435050736 0.9953388211978454 
0 0 9 45.922 -1.24274 3.27467 45.7882 -0.027061974652671923 0.07130939419014852 0.9970863638343279 
0 0 10 54.0986 -1.23551 3.26376 53.9859 -0.02283811411016182 0.06032984217706189 0.9979167667924864 
0 0 11 61.2549 -1.22455 3.21909 61.158 -0.019991053776922337 0.052552367239192294 0.9984180857368146 
0 0 12 67.3629 -1.12916 3.15757 67.2794 -0.016762342476348255 0.046874021160015385 0.9987604452896178 
0 0 13 72.2665 -1.04665 3.05509 72.1943 -0.014483197608850576 0.042275328125756746 0.9990009202050744 
0 0 14 76.1512 -0.971419 2.93088 76.0886 -0.012756450325142612 0.03848764037861518 0.999177951233861 
0 0 15 79.4269 -0.88075 2.79916 79.3727 -0.011088812480406511 0.03524196462407572 0.9993176115396671 
0 0 16 81.6467 -0.794667 2.64211 81.6 -0.009732995944722813 0.032360279104973015 0.9994280234228695 
0 0 17 83.1279 -0.750284 2.46506 83.088 -0.009025658052230358 0.029653822603482104 0.9995200167452805 
0 0 18 83.8624 -0.683677 2.27015 83.8289 -0.00815236625710688 0.02706993837524326 0.999600536116305 
0 0 19 83.8475 -0.623793 2.03923 83.8204 -0.007439613584185576 0.024320701273144698 0.9996767941799101 
0 0 20 83.0488 -0.606946 1.77052 83.0277 -0.0073083054782248505 0.021319031701842774 0.9997459325119689 
0 0 21 81.4082 -0.609561 1.43913 81.3932 -0.007487710083259427 0.017677948904410122 0.9998157433772028 
0 0 22 78.9624 -0.654576 1.10757 78.9519 -0.00828971763776177 0.01402654934500471 0.9998670253183792 
0 0 23 75.5116 -0.708403 0.677543 75.5052 -0.009381379814492078 0.008972700883043135 0.9999152448100689 
0 0 24 71.0563 -0.782149 0.171968 71.0518 -0.011007454652156108 0.0024201654181261905 0.9999366699363745 
0 0 25 65.308 -0.89151 -0.40326 65.3007 -0.013650854412935627 -0.006174741226189747 0.9998882219636185 
0 0 26 58.4315 -1.04525 -0.986362 58.4139 -0.017888467692939596 -0.01688065512608781 0.9996987926033047 
0 0 27 50.1606 -1.17876 -1.60175 50.1212 -0.023499718902883937 -0.0319324330251233 0.9992145229522773 
0 0 28 39.8303 -1.31111 -2.28327 39.7432 -0.03291740207831726 -0.05732495110506323 0.9978132225968672 
0 0 29 29.2264 -1.58236 -3.01526 29.0273 -0.05414146114471847 -0.10316905263734158 0.9931876659458572 
0 0 30 17.2196 -1.72747 -3.62885 16.744 -0.10031998420404656 -0.21073950614416131 0.9723803108086134 
0 0 31 5.80182 -1.84524 -4.06641 3.70413 -0.3180450272500698 -0.7008852394593421 0.6384427645118256 
0 0 32 10.8898 -1.93526 -4.42221 -9.76146 -0.17771308931293506 -0.40608734779334793 -0.8963856085511213 
0 0 33 23.4245 -1.92438 -4.52092 -22.9034 -0.08215244722406029 -0.1929996371320626 -0.9777540609191233 
0 0 34 35.3303 -1.83446 -4.47811 -34.9973 -0.051923136797593 -0.12674984361865027 -0.9905746625417843 
0 0 35 46.6721 -1.71319 -4.29191 -46.4428 -0.03670694054906464 -0.09195879336905774 -0.9950870005849318 
0 0 36 56.1847 -1.54254 -3.93618 -56.0254 -0.027454805311766372 -0.07005786272775329 -0.9971647085416492 
0 0 37 64.0284 -1.23318 -3.40468 -63.9259 -0.019259890923402738 -0.053174528802843735 -0.998399147878129 
0 0 38 69.3492 -0.988657 -2.83939 -69.284 -0.014256213481914717 -0.04094337065171624 -0.9990598305387807 
0 0 39 72.1785 -0.730094 -2.29165 -72.1384 -0.010115117382600082 -0.031749759277347134 -0.9994444328989935 
0 0 40 73.2771 -0.439235 -1.5967 -73.2584 -0.005994164616230718 -0.021789890702552366 -0.9997448043113059 
0 0 41 72.1461 -0.184552 -0.972108 -72.1393 -0.002558031549868946 -0.013474158686332316 -0.999905746810985 
0 0 42 68.8936 0.0997869 -0.381523 -68.8925 0.0014484204628586689 -0.005537858378717326 -0.9999840333499772 
0 0 43 64.3686 0.294497 0.0507953 -64.3679 0.004575165531019783 0.0007891316573608872 -0.9999891251324404 
0 0 44 58.8851 0.399452 0.377361 -58.8825 0.006783583623021783 0.0064084292970547725 -0.9999558462157659 
0 0 45 53.1266 0.447279 0.62145 -53.1211 0.008419115847805053 0.011697530050859642 -0.9998964737062036 
0 0 46 46.2006 0.558172 0.783058 -46.1906 0.012081488119201915 0.01694908724129124 -0.9997835525945551 
0 0 47 39.9878 0.534902 0.847678 -39.9753 0.013376629872110994 0.021198415516732603 -0.9996874046584208 
0 0 48 34.0496 0.506624 0.784459 -34.0368 0.014879000046990273 0.023038714111178988 -0.9996240778158921 
0 0 49 28.5137 0.505713 0.708387 -28.5004 0.017735790164026415 0.02484374178026703 -0.9995335575530359 
0 0 50 23.6636 0.437529 0.624112 -23.6514 0.018489536672357545 0.026374347098497272 -0.9994844402373265 
0 0 51 19.5246 0.352855 0.530429 -19.5142 0.018072329266668713 0.027167214693258765 -0.9994673386394599 
0 0 52 15.914 0.298269 0.454733 -15.9047 0.018742553726278748 0.028574399899459597 -0.9994156088978259 
0 0 53 12.929 0.233931 0.381147 -12.9212 0.018093510712352077 0.029480006187640188 -0.9993967050815995 
0 0 54 10.4494 0.203831 0.341979 -10.4418 0.019506478840890386 0.0327271422282619 -0.9992726855130438 
0 0 55 8.29563 0.152851 0.273043 -8.28973 0.018425484260990426 0.03291407644747898 -0.9992887821660321 
0 0 56 6.55555 0.145034 0.217144 -6.55035 0.02212384925749937 0.03312368908787211 -0.9992067789887957 
0 0 57 5.09369 0.134563 0.187428 -5.08846 0.026417587250107486 0.036796114408218804 -0.998973239439385 
0 0 58 3.89079 0.0937674 0.142065 -3.88707 0.02409983576600125 0.03651315028567463 -0.9990438959697131 
0 0 59 2.90002 0.0749261 0.124149 -2.89639 0.02583640802477224 0.04280970476065682 -0.9987482844945896 
0 0 60 2.06711 0.0516347 0.106476 -2.06372 0.024979173822389712 0.05150959552225087 -0.9983600292195384 
0 0 61 1.40097 0.0128031 0.0908433 -1.39796 0.009138739587571467 0.06484314439281355 -0.9978514886114621 
0 0 62 0.824484 0.0301724 0.0729191 -0.820699 0.036595494879221424 0.0884421043949913 -0.9954092499066082 
0 0 63 0.429219 0.0218574 0.0607502 -0.424336 0.05092365435826466 0.14153660485672814 -0.9886235231897935 
0 0 64 0.0671491 -0.00190461 0.0566254 0.0360408 -0.028363894676175852 0.8432786143075632 0.53672796805914 
0 0 65 0.325048 -0.00325993 0.0495607 0.321231 -0.010029072629273215 0.1524719426053998 0.988257118948586 
0 0 66 0.556264 -0.00111006 0.0466087 0.554307 -0.001995563257733738 0.08378881250629198 0.996481886298592 
0 0 67 0.753481 -0.00325685 0.0380329 0.752514 -0.004322404944517513 0.05047625620287705 0.9987166232459744 
0 0 68 0.915404 -0.017709 0.0237829 0.914924 -0.019345556715941813 0.025980769146737397 0.9994756413561662 
0 0 69 1.05418 -0.00844486 0.0262303 1.05382 -0.00801083306456203 0.024882183308353414 0.9996585023430534 
