0 0 0 21.0377 0.973735 -0.741961 21.0021 0.046285240306687514 -0.0352681614435038 0.998307799807013 
0 0 1 27.5641 1.06418 -0.624313 27.5365 0.03860746405650828 -0.022649496990650882 0.9989986975812742 
0 0 2 36.4192 1.05787 -0.478702 36.4007 0.029047041121166864 -0.013144220630876023 0.999492026183991 
0 0 3 46.9379 0.945627 -0.292729 46.9275 0.020146342294819326 -0.006236516759377817 0.9997784306498587 
0 0 4 57.0557 0.802564 -0.0788899 57.05 0.014066324661690244 -0.0013826821860042028 0.9999000976239008 
0 0 5 66.9677 0.52325 0.217784 66.9653 0.007813468283963763 0.0032520752541897067 0.9999641618272691 
0 0 6 77.1212 0.255925 0.561643 77.1187 0.0033184779282480047 0.007282601930467886 0.9999675834919581 
0 0 7 86.6393 -0.106519 0.96804 86.6338 -0.0012294536082355235 0.011173220466924363 0.9999365184160074 
0 0 8 94.7499 -0.53772 1.3317 94.739 -0.0056751511083389 0.014054896100154196 0.9998849603007497 
0 0 9 100.96 -0.920304 1.6806 100.942 -0.009115530903328051 0.016646196513470685 0.9998217115689382 
0 0 10 105.37 -1.30835 2.01324 105.342 -0.01241672202714245 0.019106387017177564 0.9997342697162379 
0 0 11 107.44 -1.71463 2.28922 107.401 -0.015958953834698437 0.021306962025316456 0.9996370067014148 
0 0 12 106.898 -1.98042 2.46356 106.851 -0.018526258676495353 0.023045894216917065 0.9995603285374843 
0 0 13 103.629 -2.24797 2.57961 103.573 -0.0216924799042739 0.024892742379063776 0.999459610726727 
0 0 14 97.9349 -2.39518 2.56119 97.8721 -0.024456858586673392 0.026151964212961874 0.9993587577053737 
0 0 15 89.8364 -2.44395 2.43255 89.7702 -0.02720445164766175 0.02707755430983432 0.9992631049329671 
0 0 16 80.0946 -2.35675 2.29906 80.0269 -0.029424580433637222 0.0287043071567871 0.999154749508706 
0 0 17 68.9883 -2.11336 2.01469 68.9265 -0.03063360019017718 0.029203357670793455 0.999104195928875 
0 0 18 57.3317 -1.88914 1.75568 57.2737 -0.032951055000985496 0.030623197986454263 0.99898834327257 
0 0 19 45.4934 -1.6654 1.45351 45.4396 -0.03660750790224516 0.0319499092176008 0.9988174108771821 
0 0 20 33.7452 -1.36384 1.15728 33.6978 -0.040415822102106376 0.03429465523985634 0.9985953557839339 
0 0 21 22.8715 -1.07126 0.861163 22.8302 -0.04683820475263975 0.03765223094243928 0.9981942592309206 
0 0 22 12.9666 -0.726037 0.624067 12.9313 -0.05599285857510836 0.04812880786019466 0.9972776209646322 
0 0 23 4.19094 -0.465365 0.339987 4.15113 -0.11104072117472451 0.08112428238056378 0.9905009377371186 
0 0 24 2.89427 -0.236842 0.0940321 -2.88303 -0.0818313426183459 0.03248905596229792 -0.9961164646007457 
0 0 25 9.45533 -0.0443071 -0.0970547 -9.45473 -0.004685939041789129 -0.010264549201349926 -0.9999365437271888 
0 0 26 14.398 0.109935 -0.229039 -14.3958 0.007635435477149605 -0.01590769551326573 -0.9998472010001389 
0 0 27 18.3315 0.23944 -0.360619 -18.3264 0.013061669803343971 -0.01967209448217549 -0.9997217903608543 
0 0 28 21.3116 0.33151 -0.450842 -21.3043 0.015555378291634605 -0.02115477017211284 -0.9996574635409825 
0 0 29 23.4703 0.40002 -0.519935 -23.4611 0.017043667954819493 -0.022152891100667652 -0.9996080152362772 
0 0 30 25.0635 0.445702 -0.58633 -25.0527 0.01778291140503122 -0.023393779799309754 -0.9995690944999701 
0 0 31 26.073 0.468539 -0.607722 -26.0617 0.017970275764200513 -0.023308480036819696 -0.9995666014651171 
0 0 32 26.6673 0.479199 -0.63297 -26.6555 0.017969535723526567 -0.02373581127448223 -0.9995575105091253 
0 0 33 26.8975 0.489071 -0.628916 -26.8857 0.018182767915233756 -0.02338194999535273 -0.9995612975183567 
0 0 34 26.8496 0.489577 -0.64408 -26.8374 0.01823405190393898 -0.023988439306358383 -0.9995456170669209 
0 0 35 26.569 0.468073 -0.627318 -26.5575 0.017617260717377396 -0.02361089992096052 -0.9995671647408635 
0 0 36 26.1216 0.451124 -0.615642 -26.1104 0.01727015190493691 -0.023568311282616685 -0.9995712360651721 
0 0 37 25.4779 0.421945 -0.597621 -25.4674 0.016561215798790323 -0.023456446567417247 -0.9995878781218233 
0 0 38 24.797 0.424158 -0.589809 -24.7864 0.017105214340444406 -0.023785498245755536 -0.9995725289349519 
0 0 39 24.0529 0.415927 -0.576949 -24.0424 0.01729217682691068 -0.02398667104590299 -0.9995634622020629 
0 0 40 23.2758 0.37392 -0.547677 -23.2664 0.016064753950454976 -0.02352988941303843 -0.999596147071207 
0 0 41 22.4363 0.350537 -0.529234 -22.4273 0.01562365452414168 -0.02358829218721447 -0.9995988643403769 
0 0 42 21.605 0.338047 -0.502886 -21.5965 0.015646702152279562 -0.023276371210367974 -0.9996065725526497 
0 0 43 20.7809 0.329544 -0.488641 -20.7725 0.01585802347347805 -0.023513947904085 -0.9995957826658134 
0 0 44 19.8425 0.310096 -0.476465 -19.8344 0.01562786947209273 -0.024012347234471463 -0.9995917853093107 
0 0 45 19.0458 0.281292 -0.451791 -19.0384 0.014769240462464165 -0.02372129288347037 -0.9996114628947064 
0 0 46 18.1822 0.252123 -0.431956 -18.1753 0.013866473804050114 -0.02375708110129687 -0.9996205079693326 
0 0 47 17.4017 0.228208 -0.415538 -17.3952 0.013114121034151834 -0.023879161231373944 -0.9996264732755994 
0 0 48 16.6725 0.222789 -0.390928 -16.6664 0.013362663067926226 -0.02344747338431549 -0.9996341280551807 
0 0 49 15.9442 0.205447 -0.386382 -15.9382 0.01288537524617102 -0.024233388943942 -0.9996236876105418 
0 0 50 15.2714 0.207587 -0.378709 -15.2652 0.013593187265083751 -0.02479857773354113 -0.9995940123367865 
0 0 51 14.6015 0.173607 -0.351258 -14.5963 0.011889668869636683 -0.024056295586069927 -0.9996438722049105 
0 0 52 13.9368 0.183639 -0.335692 -13.9315 0.013176554158773893 -0.024086734401010276 -0.9996197118420297 
0 0 53 13.3219 0.141245 -0.329227 -13.3171 0.010602466615122468 -0.02471321658322011 -0.9996396910350626 
0 0 54 12.7291 0.15357 -0.302901 -12.7246 0.012064482170774054 -0.023795947867484735 -0.9996464793268967 
0 0 55 12.1659 0.147645 -0.28217 -12.1618 0.012135970211821567 -0.023193516303767085 -0.9996629924625386 
0 0 56 11.612 0.143767 -0.291582 -11.6075 0.012380899069927662 -0.025110403031346883 -0.9996124698587667 
0 0 57 11.097 0.145371 -0.263653 -11.0929 0.013100027034333604 -0.023758943858700553 -0.9996305307740831 
0 0 58 10.6735 0.12122 -0.256422 -10.6697 0.011357099358223637 -0.024024172014803013 -0.9996439780765447 
0 0 59 10.1382 0.110071 -0.243197 -10.1347 0.010857055493085558 -0.023988183306701386 -0.999654771063897 
0 0 60 9.711 0.0969566 -0.235851 -9.70765 0.009984203480589022 -0.024286994130367626 -0.9996550303779218 
0 0 61 9.291 0.0977605 -0.22457 -9.28777 0.010522064363362393 -0.02417070283069637 -0.9996523517382413 
0 0 62 8.89871 0.0842931 -0.209833 -8.89583 0.009472507812930188 -0.02358015937141451 -0.999676357584414 
0 0 63 8.51885 0.0848192 -0.219243 -8.5156 0.00995664907822065 -0.025736220264472316 -0.9996184931064638 
0 0 64 8.15871 0.0790732 -0.208028 -8.15567 0.009691875308719148 -0.02549765833079004 -0.999627392075463 
0 0 65 7.85748 0.0707646 -0.191848 -7.85482 0.00900601719635303 -0.02441597051471973 -0.999661469071509 
0 0 66 7.50838 0.0659228 -0.18182 -7.50588 0.008779896595537254 -0.024215609758696285 -0.999667038695431 
0 0 67 7.18832 0.0608517 -0.180295 -7.1858 0.008465357691365994 -0.025081660248848132 -0.999649431299664 
0 0 68 6.88751 0.0705896 -0.175038 -6.88493 0.010248928858179516 -0.025413828800248568 -0.9996254088923283 
0 0 69 6.6102 0.0531106 -0.17031 -6.6078 0.008034643429850837 -0.025764727239720432 -0.999636924752655 
