0 0 0 30.5349 1.04365 -5.50954 -30.0156 0.03417892313385667 -0.18043419169540428 -0.9829932306966782 
0 0 1 21.2587 0.804667 -5.79564 -20.4376 0.037851185632235274 -0.27262438436969333 -0.9613758131964795 
0 0 2 11.1626 0.496519 -5.77609 -9.53903 0.044480586960027234 -0.5174502356081917 -0.8545527027753391 
0 0 3 5.78899 0.13101 -5.55306 1.63057 0.02263089070805097 -0.959245049654603 0.28166744112530856 
0 0 4 12.9814 -0.112355 -5.14074 11.9196 -0.008655075723727795 -0.3960081347158242 0.9182060486542284 
0 0 5 26.2471 -0.471503 -4.39838 25.8717 -0.01796400364230715 -0.16757584647446766 0.9856974675297462 
0 0 6 36.127 -0.770358 -3.64617 35.9342 -0.02132360838154289 -0.10092645389874609 0.9946632712375784 
0 0 7 45.4989 -0.965946 -2.82883 45.4006 -0.021230095672642633 -0.062173591009892545 0.9978395082078907 
0 0 8 53.222 -1.17293 -2.05197 53.1695 -0.022038442749239037 -0.038554920897373265 0.9990135658186464 
0 0 9 60.48 -1.30962 -1.21419 60.4536 -0.021653769841269842 -0.02007589285714286 0.9995634920634922 
0 0 10 66.5039 -1.42135 -0.477996 66.487 -0.02137243078977323 -0.007187488252568646 0.9997458795649578 
0 0 11 71.4422 -1.49878 0.179371 71.4263 -0.02097891722259393 0.0025107149555864744 0.9997774424639778 
0 0 12 75.3009 -1.56264 0.711988 75.2813 -0.02075194320386609 0.009455238914807127 0.99973971094635 
0 0 13 78.4417 -1.57885 1.18433 78.4169 -0.020127687186789683 0.015098219441954983 0.9996838416301533 
0 0 14 80.7104 -1.58359 1.54559 80.6801 -0.01962064368408532 0.019149824557925618 0.9996245836967725 
0 0 15 82.2225 -1.56788 1.81283 82.1876 -0.019068746389370308 0.02204785794642586 0.9995755419745205 
0 0 16 83.0183 -1.52644 2.01277 82.9799 -0.018386789418718526 0.024244895402579916 0.9995374513812015 
0 0 17 83.0178 -1.47889 2.11695 82.9776 -0.017814131427236087 0.02549995302212297 0.999515766498269 
0 0 18 82.3022 -1.41539 2.10484 82.2631 -0.017197474672608994 0.0255745289919346 0.9995249215695328 
0 0 19 80.7767 -1.27419 2.06705 80.7402 -0.01577422697386746 0.02558968118281633 0.9995481370246617 
0 0 20 78.4426 -1.16601 1.93511 78.4101 -0.01486449964687555 0.024669121115312345 0.9995856843092912 
0 0 21 75.2525 -0.980289 1.71771 75.2265 -0.013026663565994485 0.0228259526261586 0.9996544965283546 
0 0 22 71.0893 -0.769134 1.41556 71.0711 -0.010819265346543011 0.019912420012575732 0.9997439839750849 
0 0 23 65.5455 -0.512135 0.994676 65.536 -0.007813427313850683 0.01517535147340397 0.9998550625138263 
0 0 24 58.7846 -0.204186 0.542881 58.7817 -0.0034734607363152937 0.009235088781755765 0.9999506673516534 
0 0 25 50.7617 0.205399 0.0325727 50.7613 0.00404633808560391 0.0006416786671841172 0.999992120043261 
0 0 26 41.1034 0.616219 -0.557267 41.095 0.014991922809305312 -0.013557686225470399 0.9997956373438693 
0 0 27 30.8942 1.07612 -1.23793 30.8506 0.03483242809329906 -0.04006998077309009 0.9985887318655281 
0 0 28 18.747 1.50538 -1.88063 18.5915 0.08029978129834106 -0.10031631727743105 0.99170533952099 
0 0 29 6.40153 1.94847 -2.41697 5.59833 0.30437567269074733 -0.3775613017513001 0.8745299951730289 
0 0 30 8.56346 2.34786 -2.95059 -7.68859 0.27417188846564355 -0.34455582206257757 -0.8978368556634818 
0 0 31 21.366 2.56845 -3.4372 -20.9307 0.12021201909575961 -0.16087241411588504 -0.9796265094074699 
0 0 32 33.624 2.7354 -3.76989 -33.2998 0.08135260528194146 -0.1121190221270521 -0.9903580775636449 
0 0 33 45.2905 2.73367 -3.97926 -45.0324 0.0603585740939049 -0.08786080966207041 -0.99430123315044 
0 0 34 55.4816 2.679 -4.03192 -55.27 0.048286278694197715 -0.07267130003460608 -0.9961861229668936 
0 0 35 63.5858 2.47203 -3.96693 -63.4138 0.038877076328362625 -0.062387042389967576 -0.9972949935362927 
0 0 36 69.3266 2.21432 -3.78607 -69.1877 0.03194040959747052 -0.05461208251955238 -0.9979964400388885 
0 0 37 72.6721 1.86327 -3.52503 -72.5627 0.02563941319983873 -0.0485059603341585 -0.9984946079719729 
0 0 38 74.4047 1.36641 -3.12667 -74.3264 0.018364565679318642 -0.04202247976270316 -0.9989476471244424 
0 0 39 73.6455 0.886453 -2.71991 -73.59 0.012036757167783504 -0.03693246702106714 -0.9992463897997842 
0 0 40 70.9982 0.43878 -2.29319 -70.9598 0.006180156680028508 -0.03229926955894657 -0.9994591412176648 
0 0 41 66.5506 -0.00627732 -1.88017 -66.5241 -9.432401811553915e-05 -0.02825173627285103 -0.999601806745544 
0 0 42 61.1699 -0.386511 -1.51862 -61.1499 -0.006318646916212058 -0.02482626258993394 -0.9996730418065095 
0 0 43 55.2588 -0.700757 -1.17854 -55.2418 -0.012681364778098692 -0.02132764374181126 -0.9996923566925087 
0 0 44 48.4937 -0.848132 -0.843919 -48.4789 -0.01748952956775829 -0.01740265230328888 -0.9996948057170314 
0 0 45 42.411 -0.953365 -0.599918 -42.3961 -0.02247919171912947 -0.014145339652448656 -0.9996486760510244 
0 0 46 36.8841 -1.03922 -0.465441 -36.8666 -0.028175284201051407 -0.012619014697389934 -0.9995255408156902 
0 0 47 29.8827 -0.970526 -0.33979 -29.865 -0.03247785508002958 -0.011370793134489186 -0.9994076840446144 
0 0 48 24.9677 -0.934793 -0.254427 -24.9489 -0.03744009259963873 -0.010190245797570462 -0.9992470271590894 
0 0 49 20.6702 -0.879615 -0.195691 -20.6506 -0.042554740641116195 -0.009467300751806948 -0.9990517750191096 
0 0 50 16.8868 -0.78528 -0.109723 -16.8682 -0.04650259374185754 -0.006497560224554089 -0.9988985479783026 
0 0 51 13.7837 -0.72091 -0.0866575 -13.7646 -0.052301631637368784 -0.006286954881490456 -0.9986143053026401 
0 0 52 11.0643 -0.628056 -0.0671461 -11.0462 -0.056764187522030315 -0.006068716502625562 -0.9983641079869492 
0 0 53 8.92865 -0.54062 -0.0337816 -8.91221 -0.06054890716961691 -0.003783505905148035 -0.9981587362031215 
0 0 54 7.04917 -0.479484 -0.00894507 -7.03283 -0.06801992291291031 -0.001268953649862324 -0.9976819966038554 
0 0 55 5.46593 -0.428977 -0.00428042 -5.44907 -0.0784819783641576 -0.0007831091872746266 -0.996915437994998 
0 0 56 4.17545 -0.365157 -0.00165614 -4.15945 -0.08745332838376703 -0.00039663748817492727 -0.9961680776922248 
0 0 57 3.0428 -0.299814 0.00723496 -3.02798 -0.09853227290653346 0.0023777310372025766 -0.9951294859997369 
0 0 58 2.1862 -0.270983 0.0182422 -2.16927 -0.12395160552556947 0.00834425029731955 -0.9922559692617328 
0 0 59 1.46098 -0.23731 0.0190004 -1.44145 -0.16243206614738054 0.013005243056030884 -0.9866322605374475 
0 0 60 0.844016 -0.214616 0.0299436 -0.815724 -0.2542795397243654 0.03547752649238877 -0.966479308449129 
0 0 61 0.393464 -0.194261 0.0302613 -0.340824 -0.49371988288636315 0.07690995872557592 -0.8662139357094932 
0 0 62 0.192556 -0.166315 0.0338647 0.0909423 -0.8637227611707762 0.17586935748561455 0.4722901389725586 
0 0 63 0.424842 -0.139488 0.0353318 0.399732 -0.32832912000225967 0.08316456470876231 0.9408956741565099 
0 0 64 0.686849 -0.112952 0.0362431 0.676528 -0.1644495369433456 0.05276720210701333 0.9849734075466369 
0 0 65 0.908615 -0.107875 0.0331646 0.901579 -0.11872465235550811 0.036500167837863126 0.9922563461972344 
0 0 66 1.08403 -0.0942131 0.0263076 1.07961 -0.08691004861489073 0.024268332057230887 0.9959226220676549 
0 0 67 1.23414 -0.0888654 0.0349458 1.23044 -0.07200593125577325 0.028315912295201515 0.9970019608796409 
0 0 68 1.33219 -0.0799264 0.0277 1.3295 -0.059996246781615234 0.020792829851597746 0.9979807685089964 
0 0 69 1.43058 -0.0710822 0.0424506 1.42818 -0.04968767912315285 0.029673698779516 0.9983223587635784 
